T0
10135 85 85 1 0 3 6 4 10
10136 48 48 3 0 12 41 4 10
10140 746 747 5 0 7 8 4 10
10146 27 27 0 0 6 14 3 8
10154 20 20 1 0 5 10 6 14
10155 48 47 3 0 3 15 4 9
10157 80 74 8 0 6 4 3 8
10158 21 21 0 0 8 14 4 13
10165 2 2 0 0 -20 -22 4 7
10170 14 14 1 0 19 4 3 5
10185 47 47 2 0 7 16 3 10
10208 54 54 4 0 15 22 3 14
10245 12 12 0 0 4 7 3 3
10257 393 393 4 0 5 10 3 12
10279 164 164 6 0 11 19 4 9
10299 540 540 9 0 16 21 5 11
10329 21 21 2 0 13 13 3 10
10397 8727 8672 214 13 17 17 9 18
10408 47 47 3 0 11 15 4 11
10423 833 834 8 0 11 13 5 11
10431 92 92 5 0 11 15 3 18
10434 47 47 3 0 11 8 3 11
10469 71 71 2 0 0 3 4 11
10529 734 734 13 2 7 13 4 13
10551 21 21 2 0 38 32 2 9
10561 91 90 2 0 0 3 5 8
10577 21 21 1 0 -1 -2 4 11
10581 121 120 2 2 4 11 4 12
10599 434 434 12 0 4 7 3 12
10620 117 117 2 0 3 6 3 10
10627 49 49 1 0 -2 2 3 9
10685 46 46 0 0 6 16 4 10
10693 1166 1166 7 1 7 8 4 11
10713 351 349 1 0 7 9 4 10
10721 2491 2490 48 7 10 13 7 19
10728 7 7 0 0 -6 9 5 12
10731 26 26 2 0 11 16 3 11
10732 21 21 0 0 -1 14 4 15
10747 39 39 0 0 -3 0 6 15
10754 14 14 0 0 36 27 3 5
10779 27 27 0 0 0 4 4 7
10781 204 204 6 1 14 15 4 10
10785 192 191 4 0 9 13 4 15
10792 541 541 3 9 8 12 4 12
10800 581 580 4 0 6 9 2 11
10821 2101 2102 16 11 13 10 4 12
10849 120 119 0 0 2 11 4 11
10868 213 214 6 0 7 13 4 13
10874 205 206 4 0 8 7 4 12
10918 21 21 0 0 -2 0 4 9
10926 14 14 0 0 14 19 3 8
10930 19 19 2 0 11 14 2 7
10980 101 101 6 0 6 8 3 11
10990 41 41 7 0 4 4 3 10
10994 294 294 10 0 7 7 5 11
11002 21 21 0 0 -1 -2 3 8
11003 157 157 7 0 2 7 4 11
11041 42 42 1 0 0 1 3 8
11042 1812 1809 18 1 4 4 6 16
11049 54 54 2 0 0 14 4 10
11057 2351 2350 43 3 10 5 5 17
11066 742 740 18 0 4 9 4 11
11067 76 76 2 0 4 15 3 10
11097 28 28 0 0 0 8 3 9
11109 307 310 3 4 7 8 6 14
11122 76 77 1 1 24 16 3 7
11140 194 194 3 0 9 16 4 11
11146 90 83 2 0 3 3 3 10
11150 34 34 4 0 19 25 3 10
11193 4264 4262 102 7 7 2 4 16
11252 77 77 2 0 14 17 4 14
11259 821 821 21 0 17 16 3 12
11267 285 285 4 0 6 10 4 14
11274 28 28 0 0 -5 1 3 8
11278 2083 2083 40 5 5 5 4 16
11292 4105 4108 22 18 10 5 8 14
11298 6267 6271 154 50 19 15 14 22
11308 41 41 2 0 11 29 3 10
11336 8 8 0 0 -5 -3 1 7
11337 20 20 0 0 3 18 4 9
11413 19 19 1 0 1 3 4 7
11423 223 224 8 0 6 12 5 11
11433 2788 2788 68 0 11 5 8 16
11503 21 21 0 0 2 23 4 16
11525 39 38 1 0 -5 -3 3 7
11540 445 445 3 0 11 13 4 10
11577 21 21 0 0 8 -9 3 13
11603 117 117 1 0 1 3 4 8
11612 124 124 4 0 5 10 4 10
11618 3103 3104 71 3 11 13 9 28
11624 22 22 0 0 35 15 4 10
11630 133 133 3 0 14 23 4 10
11637 82 82 4 0 0 8 4 8
11638 277 277 3 0 1 3 4 8
11641 28 28 0 0 6 11 4 10
11648 76 76 0 0 -1 4 5 10
11697 1316 1316 7 8 10 14 4 17
11699 20 20 2 0 7 12 4 9
11721 146 146 6 0 15 17 4 9
11775 76 76 0 0 0 5 5 11
11778 41 41 1 0 16 37 4 10
11823 122 123 5 0 5 7 4 10
11884 276 276 2 0 5 10 4 9
11898 19 19 2 0 0 -2 4 7
11905 21 21 0 0 5 27 6 8
11921 82 82 1 0 2 3 3 8
11953 49 49 3 0 23 20 3 10
11973 120 123 1 1 10 11 4 12
11977 136 136 5 0 7 7 4 10
11982 102 102 6 1 20 17 4 12
11986 305 305 2 0 5 9 3 12
11995 378 378 14 0 3 7 4 16
11996 262 262 13 0 7 9 3 13
11997 7 7 0 0 10 17 4 5
12003 77 77 0 0 2 7 4 8
12007 27 27 5 0 15 26 4 10
12094 7 7 0 0 -1 12 4 15
12149 21 21 1 0 2 18 3 13
12156 48 49 1 1 -4 0 3 8
12173 770 770 0 1 1 0 4 13
12191 1121 1128 21 2 17 13 4 9
12197 114 121 2 0 9 13 6 18
12206 116 116 1 0 11 14 3 9
12217 240 240 6 0 7 8 4 12
12223 28 28 2 0 -4 -3 3 10
12244 20 20 1 0 6 2 4 11
12264 2514 2515 62 2 11 9 6 20
12266 4324 4338 15 11 5 3 8 23
12278 182 192 2 2 9 13 4 12
12280 62 62 0 0 1 3 4 8
12323 87 87 1 0 6 8 4 8
12339 879 879 10 2 5 9 8 13
12363 14 14 0 0 -6 1 3 13
12390 14 16 3 1 1 19 4 7
12391 254 254 1 0 7 7 4 11
12402 55 55 0 0 -3 -2 4 5
12436 21 21 0 0 0 2 3 9
12441 92 92 0 1 4 6 3 13
12448 219 226 6 1 13 15 4 11
12451 590 589 2 0 8 11 5 12
12478 2093 2092 27 23 17 19 10 29
12523 127 127 0 0 18 17 4 12
12758 146 146 0 0 -3 -2 3 8
12819 63 63 0 0 20 20 5 9
12884 66 66 2 0 -2 8 4 10
12889 3271 3273 16 10 11 6 6 16
12891 42 42 1 1 12 14 5 11
12892 4595 4600 40 2 7 5 8 14
12896 193 194 6 0 17 24 3 9
12915 27 27 0 0 0 4 6 16
12945 227 227 15 0 2 5 4 11
12951 81 81 1 0 3 9 4 15
12953 2484 2486 83 21 9 13 8 24
12954 223 223 1 0 4 -1 4 13
12982 157 157 0 0 -1 -3 5 4
12992 391 391 11 0 12 16 4 11
13029 31 31 0 0 -5 0 4 10
13061 57 57 1 1 12 25 3 11
13076 27 27 0 0 -1 2 3 9
13121 7 7 0 0 6 -2 4 10
13127 13 14 0 0 0 6 5 9
13139 20 20 0 0 13 6 3 10
13158 158 158 5 0 16 21 2 9
13184 50 50 0 0 -1 9 3 10
13198 1125 1125 7 0 6 7 4 11
13203 20 20 1 0 32 30 3 8
13204 2311 2310 12 15 15 13 6 13
13230 157 157 3 0 4 6 5 12
13232 1946 1946 7 1 10 2 4 12
13241 27 27 0 0 11 4 5 10
13244 956 955 19 1 8 5 5 15
13256 78 78 0 0 1 10 4 9
13264 116 116 0 0 -1 0 3 8
13277 77 77 6 0 14 17 3 14
13296 499 499 1 0 7 9 4 12
13303 1300 1299 17 13 24 18 11 17
13342 428 429 3 0 5 9 4 13
13360 79 79 1 0 4 8 4 13
13367 100 101 3 0 5 10 4 11
13377 34 34 0 0 16 27 4 10
13422 110 110 2 1 9 12 4 11
13424 28 28 0 0 0 -4 2 8
13433 21 21 0 0 -1 9 5 8
13459 20 20 0 0 1 1 5 7
13476 147 147 2 1 -1 1 3 8
13485 190 190 4 0 0 10 3 11
13486 97 97 0 0 7 14 6 9
13487 2947 2948 55 4 13 5 7 18
13495 1016 1016 6 0 9 12 4 10
13502 56 56 0 0 10 9 3 10
13577 175 175 2 0 13 15 4 11
13796 1397 1396 10 0 8 4 5 10
13829 0 0 0 0 0 0 0 0
13830 318 318 0 0 1 0 4 9
13851 400 399 2 0 7 11 4 11
13871 481 480 5 0 5 8 3 11
13873 21 21 1 0 39 26 3 7
13891 707 708 10 1 9 10 4 10
13930 6482 6478 53 9 10 4 8 20
13931 435 435 3 2 9 9 4 13
13970 21 21 2 1 29 24 3 7
13988 34 33 1 0 -2 3 2 8
14027 476 475 1 10 11 13 4 12
14057 1127 1132 5 3 6 6 3 11
14078 58 65 1 0 22 29 3 12
14098 128 129 0 0 9 14 5 12
14100 2518 2518 30 2 14 8 6 24
14107 3387 3385 25 43 10 4 6 16
14108 77 77 3 0 7 15 3 10
14113 42 41 1 0 -4 -4 3 7
14122 1067 1066 23 0 6 8 6 13
14193 247 247 4 0 6 12 4 11
14252 77 77 0 0 -2 0 4 8
14254 7 7 0 0 1 3 3 11
14256 14 14 0 0 29 33 4 8
14262 145 144 1 0 5 7 3 9
14288 0 0 0 0 0 0 0 0
14307 617 617 2 0 8 10 4 13
14321 212 212 4 0 16 14 5 15
14457 93 93 1 1 4 7 4 10
14487 35 37 0 2 -3 -5 3 8
14489 70 70 0 0 0 0 3 8
14492 1191 1191 12 0 9 10 4 13
14524 420 414 13 1 8 10 5 14
14570 562 564 2 1 7 10 4 10
14574 62 62 7 0 10 11 6 11
14576 378 379 5 0 8 14 5 11
14588 0 0 0 0 0 0 0 0
14633 60 60 3 0 5 18 5 7
14635 404 401 4 0 4 8 4 13
14679 1803 1801 13 0 6 6 3 14
14683 806 805 16 0 7 10 3 10
14685 303 303 9 0 7 10 5 12
14689 244 243 6 0 0 0 3 9
14696 63 70 1 0 4 3 3 9
14698 111 112 2 0 3 6 3 10
14709 7 7 0 0 8 11 3 4
14711 21 21 0 0 33 0 3 10
14730 491 491 6 2 10 11 5 12
14747 2280 2274 20 21 16 15 6 14
14771 2634 2639 19 1 5 4 5 16
14783 171 172 5 0 5 13 3 10
14794 53 53 0 0 0 4 3 8
14814 160 161 4 0 12 16 5 9
14828 35 35 0 0 11 21 5 9
14831 1214 1214 12 0 6 5 4 11
14842 35 35 2 0 3 16 4 9
14843 530 531 4 0 14 17 5 14
14869 3307 3307 16 1 5 4 7 17
14893 1019 1020 6 2 8 9 4 10
14905 42 42 0 0 -4 -1 3 10
14908 958 957 3 0 5 5 6 13
14960 54 54 1 0 7 9 6 11
14986 123 123 3 0 6 7 4 11
15016 1312 1313 12 2 7 7 4 13
15024 64 64 1 0 14 13 4 11
15027 11 11 0 0 15 9 4 11
15041 77 77 0 0 2 3 2 7
15070 63 63 0 0 4 6 4 11
15096 306 306 3 0 7 10 4 12
15249 112 112 4 0 12 15 5 11
15295 117 117 6 0 0 6 4 9
15304 1532 1534 14 1 8 12 4 12
15323 74 74 9 0 8 8 3 11
15370 435 435 8 0 9 14 3 11
15374 21 21 1 0 23 17 3 7
15376 369 370 2 1 6 13 4 10
15380 99 99 0 2 10 19 4 11
15389 42 42 0 0 1 4 2 7
15401 21 21 1 0 7 25 4 8
15411 55 55 1 0 2 8 4 9
15412 268 268 8 0 6 9 4 13
15601 14 14 1 0 -3 3 2 8
15607 27 27 2 0 29 29 4 9
15624 157 157 4 0 7 16 8 15
15841 14 14 0 0 19 35 4 10
15897 16 16 0 0 8 9 3 6
15919 282 282 15 0 7 11 4 11
15991 14 14 0 0 9 25 4 6
16218 21 21 0 0 -1 5 4 10
T1
10135 85 85 5 0 10 18 4 16
10136 48 46 0 0 16 23 3 9
10140 745 747 3 1 12 12 4 11
10146 27 27 2 0 14 30 3 11
10154 20 20 4 1 17 33 4 30
10155 48 48 1 0 7 16 5 11
10157 80 79 4 0 17 19 3 8
10158 21 21 0 0 0 3 3 15
10165 2 2 0 0 1 -6 4 7
10170 14 14 0 0 21 12 3 7
10185 47 47 4 0 9 23 3 12
10208 54 54 11 0 33 29 4 13
10245 13 13 0 0 0 4 3 4
10257 394 394 2 0 14 15 3 14
10279 164 164 9 0 11 19 3 10
10299 542 541 3 1 11 18 5 12
10329 21 21 4 0 12 10 5 9
10397 8726 8692 406 112 27 29 9 21
10408 47 46 1 0 21 25 4 11
10423 831 831 14 1 12 16 5 12
10431 89 91 6 0 26 31 4 15
10434 47 46 2 0 22 26 3 12
10469 77 77 4 0 12 12 4 11
10529 734 734 18 1 15 20 4 16
10551 22 22 1 0 15 11 3 11
10561 91 91 0 0 7 8 4 8
10577 21 21 0 0 0 2 3 11
10581 120 121 4 0 5 16 4 12
10599 434 434 9 0 11 14 3 12
10620 117 117 1 0 3 9 4 10
10627 49 50 2 2 6 19 3 10
10685 46 46 2 0 11 25 3 11
10693 1164 1164 14 0 14 13 5 11
10713 351 351 0 0 9 15 4 10
10721 2492 2489 104 10 13 16 7 21
10728 7 7 0 0 -5 24 4 15
10731 26 26 1 0 23 32 3 9
10732 21 21 0 0 0 36 4 13
10747 40 40 2 0 0 8 5 25
10754 14 14 0 1 17 -7 3 5
10779 27 27 0 0 1 5 4 8
10781 204 204 10 1 19 21 4 13
10785 193 193 5 0 9 21 4 14
10792 541 540 11 0 12 21 5 13
10800 581 580 9 0 12 14 3 11
10821 2102 2101 20 3 14 13 5 12
10849 120 120 1 0 2 8 4 11
10868 207 214 17 0 18 23 4 14
10874 206 206 9 0 23 20 5 11
10918 21 21 0 0 4 5 3 9
10926 14 14 0 0 28 24 4 6
10930 19 19 1 0 17 10 2 9
10980 101 101 7 0 13 13 4 10
10990 41 41 3 0 7 6 4 11
10994 296 296 11 1 16 16 5 15
11002 21 21 0 0 5 5 3 7
11003 157 157 7 1 4 11 4 12
11041 42 42 0 0 3 4 3 7
11042 1816 1816 42 10 11 14 6 17
11049 54 54 0 0 9 17 6 11
11057 2350 2350 63 13 16 12 6 19
11066 741 741 18 0 11 13 4 12
11067 76 76 2 0 6 19 4 14
11097 28 28 1 0 4 5 3 9
11109 307 306 2 2 9 11 6 14
11122 76 77 0 1 3 5 3 8
11140 194 194 10 0 13 17 4 11
11146 87 83 2 0 12 17 3 11
11150 34 34 6 0 28 39 3 13
11193 4252 4215 122 49 10 6 5 15
11252 77 77 8 0 27 34 4 15
11259 821 821 37 3 16 16 3 9
11267 285 285 12 1 8 14 5 15
11274 28 27 0 1 6 2 3 13
11278 2084 2084 89 0 9 10 5 17
11292 4076 4080 33 1 9 5 7 14
11298 6268 6274 150 78 15 13 12 19
11308 41 41 7 0 18 33 4 11
11336 8 8 0 0 21 17 2 6
11337 20 20 0 0 6 26 5 14
11413 16 16 1 0 17 4 4 9
11423 218 226 4 1 7 18 4 12
11433 2785 2783 86 0 14 11 8 17
11503 21 21 0 0 3 12 4 17
11525 39 39 1 0 -2 2 4 8
11540 445 444 4 5 13 15 4 10
11577 21 21 0 0 -2 -7 3 12
11603 117 117 2 0 14 10 3 8
11612 124 124 6 0 11 19 4 11
11618 3105 3106 204 48 22 31 9 34
11624 22 21 1 0 41 23 3 9
11630 133 133 0 0 5 12 4 10
11637 82 82 5 0 2 14 4 10
11638 277 278 4 1 4 3 4 8
11641 28 28 1 0 37 33 4 10
11648 76 76 0 0 3 11 5 11
11697 1315 1316 5 0 10 14 3 16
11699 20 20 1 0 24 25 5 13
11721 144 143 5 0 14 19 4 10
11775 76 76 1 0 4 14 5 12
11778 41 40 2 0 19 29 5 12
11823 125 125 8 0 6 15 4 11
11884 275 275 1 0 6 14 4 9
11898 19 19 1 0 4 14 4 8
11905 21 21 0 0 0 11 6 8
11921 74 74 1 0 3 2 2 9
11953 49 48 9 0 27 26 3 12
11973 120 119 4 0 20 19 5 13
11977 136 136 5 0 12 19 5 11
11982 102 102 11 0 18 16 4 12
11986 305 305 8 0 10 15 4 14
11995 378 378 25 0 13 17 5 17
11996 256 262 15 0 11 16 3 14
11997 7 7 0 0 9 1 4 5
12003 77 77 1 0 0 6 3 9
12007 27 27 2 0 28 29 4 8
12094 7 7 0 0 -2 6 3 17
12149 21 21 0 0 11 19 4 13
12156 48 48 2 0 -1 1 3 8
12173 771 771 3 1 1 4 4 13
12191 1120 1127 23 11 19 15 5 8
12197 115 122 8 4 10 20 6 22
12206 116 116 2 0 9 10 2 9
12217 240 240 17 1 14 15 5 12
12223 28 25 2 1 12 -4 3 10
12244 20 20 1 0 2 15 3 10
12264 2520 2520 86 3 14 12 6 20
12266 4326 4332 88 41 14 14 9 24
12278 185 191 4 1 8 13 4 13
12280 62 62 0 0 -1 -2 3 8
12323 87 87 1 0 11 14 4 10
12339 879 881 8 0 13 16 9 14
12363 14 14 0 0 0 1 4 11
12390 14 14 1 0 16 24 4 7
12391 254 254 3 2 7 7 4 10
12402 55 55 0 0 -5 -4 4 5
12436 21 21 0 0 -2 0 3 9
12441 92 92 1 0 2 11 4 14
12448 219 226 7 0 16 18 4 10
12451 590 590 10 2 16 16 5 13
12478 2102 2101 42 37 12 17 10 33
12523 127 127 0 0 24 14 4 12
12758 146 146 0 0 0 4 4 8
12819 63 63 2 2 18 23 5 10
12884 66 66 3 0 0 8 3 9
12889 3276 3277 31 7 18 15 7 17
12891 42 42 1 0 12 13 6 9
12892 4598 4603 37 5 9 7 7 14
12896 194 194 5 0 13 21 3 10
12915 27 27 2 0 10 15 5 17
12945 230 230 12 0 8 13 4 13
12951 81 81 3 0 13 13 5 16
12953 2483 2485 159 32 16 26 8 32
12954 223 222 1 0 6 -1 4 12
12982 157 157 0 0 -3 -3 5 5
12992 391 391 7 0 17 17 5 12
13029 34 34 1 0 9 4 4 10
13061 57 57 2 0 9 17 3 11
13076 27 27 3 0 9 19 3 10
13121 7 7 0 0 45 8 4 8
13127 14 14 0 0 11 21 4 9
13139 20 20 3 0 25 16 3 13
13158 158 158 4 0 14 19 3 11
13184 50 50 4 0 2 19 4 11
13198 1125 1125 10 1 10 13 4 12
13203 20 20 0 0 42 65 2 13
13204 2310 2309 28 4 14 12 6 13
13230 157 156 3 0 13 17 4 14
13232 1947 1947 12 0 15 8 4 13
13241 27 26 1 0 12 18 3 11
13244 947 954 30 0 10 8 5 15
13256 78 78 0 0 2 12 4 13
13264 116 115 1 0 3 3 3 8
13277 74 76 6 0 30 39 3 15
13296 499 499 12 0 14 13 4 13
13303 1300 1300 19 0 18 13 8 17
13342 429 429 10 0 13 15 4 14
13360 84 85 3 0 9 14 5 13
13367 101 101 1 0 13 17 4 12
13377 34 34 1 0 18 26 4 10
13422 110 110 9 0 14 26 4 13
13424 28 28 3 0 9 2 2 8
13433 21 21 0 0 4 22 4 10
13459 20 20 0 0 8 39 6 9
13476 147 147 3 0 7 6 3 9
13485 190 190 4 0 6 17 4 12
13486 97 97 1 0 4 9 5 9
13487 2945 2946 73 42 22 16 7 20
13495 1015 1015 10 0 11 15 4 10
13502 56 56 0 0 1 8 3 11
13577 175 175 5 0 21 18 4 12
13796 1391 1391 10 1 11 11 5 10
13829 0 0 0 0 0 0 0 0
13830 318 318 1 0 0 2 5 8
13851 403 403 6 0 11 14 4 12
13871 492 488 13 2 17 17 4 12
13873 21 21 0 0 40 18 2 8
13891 707 708 10 1 13 15 4 10
13930 6497 6494 126 6 14 10 8 22
13931 435 435 9 6 16 18 4 13
13970 21 21 0 0 20 18 4 7
13988 34 34 0 0 -4 -2 3 7
14027 476 476 3 1 11 19 4 12
14057 1130 1130 4 1 11 12 3 11
14078 58 65 7 0 39 38 3 11
14098 129 126 10 1 21 24 4 14
14100 2517 2518 71 33 22 17 6 31
14107 3386 3385 20 3 11 10 6 18
14108 77 76 5 0 6 12 3 12
14113 42 42 0 0 -3 0 3 7
14122 1069 1069 29 0 10 12 6 14
14193 253 252 14 0 14 16 4 10
14252 77 77 0 0 -1 6 4 8
14254 7 7 0 0 -1 -2 3 11
14256 14 14 1 0 31 38 4 8
14262 145 144 2 0 4 9 3 9
14288 0 0 0 0 0 0 0 0
14307 617 617 11 0 15 15 4 13
14321 212 212 8 0 17 16 4 17
14457 84 83 0 1 18 11 4 9
14487 35 35 0 0 11 4 3 8
14489 70 70 0 0 4 5 3 8
14492 1193 1193 29 13 18 18 5 15
14524 414 414 14 1 14 15 5 15
14570 562 562 3 1 12 15 4 10
14574 62 61 4 0 13 18 5 10
14576 380 379 13 0 8 17 5 13
14588 0 1 0 1 0 0 0 0
14633 60 60 3 0 1 14 4 12
14635 402 402 7 2 7 11 4 13
14679 1801 1803 7 1 8 9 3 13
14683 806 805 18 1 12 14 3 11
14685 303 303 12 1 14 15 5 13
14689 244 243 3 0 5 2 3 10
14696 63 70 4 0 5 21 4 9
14698 112 112 0 0 5 3 3 11
14709 7 7 0 0 6 9 3 5
14711 21 21 0 0 -2 -7 3 9
14730 491 491 7 0 14 17 5 12
14747 2274 2275 7 0 14 15 6 14
14771 2634 2637 22 1 10 13 5 16
14783 175 175 3 0 11 15 3 10
14794 53 53 0 0 3 4 3 8
14814 156 161 11 0 17 22 5 8
14828 35 35 0 0 3 11 4 9
14831 1209 1209 11 0 10 9 4 11
14842 35 35 2 1 10 11 3 8
14843 529 529 8 2 11 16 5 13
14869 3305 3305 21 4 6 4 6 16
14893 1019 1020 5 1 11 14 4 10
14905 42 42 0 0 0 0 3 8
14908 958 957 5 1 7 7 6 13
14960 54 54 4 0 3 10 6 13
14986 120 120 4 0 10 9 5 11
15016 1307 1306 17 7 13 13 4 13
15024 64 64 2 0 21 21 4 11
15027 11 11 1 0 11 12 4 11
15041 77 77 1 0 5 5 2 7
15070 63 63 2 0 9 11 4 18
15096 307 307 3 0 11 15 4 14
15249 112 112 6 0 12 16 5 11
15295 117 117 6 0 5 10 3 9
15304 1518 1516 16 0 14 14 5 13
15323 74 74 8 0 19 19 4 9
15370 435 434 8 1 15 18 3 12
15374 21 21 0 0 29 40 3 7
15376 369 369 1 1 10 13 3 10
15380 102 102 1 0 13 17 4 14
15389 42 42 0 0 3 1 2 7
15401 21 21 1 0 3 10 4 8
15411 55 55 1 0 8 13 4 9
15412 265 268 12 0 9 18 4 13
15601 14 14 1 0 0 9 2 9
15607 27 27 3 0 29 40 4 9
15624 154 156 8 0 12 20 7 12
15841 14 14 2 2 27 38 3 7
15897 16 16 0 0 10 10 2 7
15919 279 280 20 0 10 15 4 13
15991 14 14 0 0 23 29 4 6
16218 21 21 1 0 6 13 3 9
T2
10135 85 85 4 0 13 16 4 12
10136 48 48 3 0 28 39 4 9
10140 746 746 8 0 9 7 4 10
10146 27 27 4 0 6 11 4 7
10154 20 20 1 0 19 33 5 23
10155 47 48 2 0 6 19 5 10
10157 80 80 1 1 22 18 3 8
10158 21 21 0 0 13 10 4 13
10165 2 2 0 0 -3 2 4 8
10170 14 14 2 0 35 16 3 6
10185 47 47 7 0 10 10 3 10
10208 53 51 8 1 36 42 4 11
10245 13 13 2 0 -4 0 3 6
10257 391 391 3 1 9 12 3 13
10279 163 162 9 1 5 11 3 10
10299 531 531 15 0 13 20 5 13
10329 21 21 3 0 21 17 3 8
10397 8656 8509 371 34 23 21 9 20
10408 40 47 2 1 10 20 4 12
10423 829 831 16 0 8 8 5 11
10431 78 92 3 1 27 20 4 18
10434 40 47 3 0 10 10 3 9
10469 79 80 4 1 9 7 4 11
10529 728 730 11 0 9 12 4 15
10551 22 22 4 0 46 43 3 11
10561 90 91 0 0 5 6 4 7
10577 21 21 1 0 7 2 4 12
10581 121 121 1 0 15 20 4 12
10599 431 431 12 0 8 10 3 11
10620 114 114 0 0 1 7 3 9
10627 47 47 1 1 0 12 4 11
10685 42 42 0 0 21 19 3 12
10693 1157 1157 19 15 12 9 5 11
10713 349 348 0 0 7 9 4 10
10721 2486 2486 96 3 20 25 8 19
10728 7 7 1 0 -4 19 4 17
10731 26 26 3 0 30 26 3 8
10732 21 21 0 0 16 11 4 12
10747 34 34 0 0 7 9 5 19
10754 14 14 1 0 26 9 3 3
10779 27 27 0 0 -4 0 4 8
10781 204 204 9 2 15 17 4 10
10785 193 193 6 0 10 13 4 14
10792 530 538 5 0 12 13 4 12
10800 581 580 4 2 8 9 2 11
10821 2080 2079 18 2 13 9 4 13
10849 119 118 0 0 4 9 4 11
10868 205 211 15 0 26 23 4 14
10874 206 206 6 0 15 16 4 11
10918 21 21 0 0 2 3 3 8
10926 14 14 0 0 30 29 4 7
10930 19 18 1 0 19 3 2 12
10980 101 101 15 0 14 13 4 10
10990 41 41 3 0 13 16 3 8
10994 297 297 8 3 12 11 5 13
11002 21 21 0 0 9 9 2 9
11003 157 157 8 0 11 11 4 10
11041 42 42 0 0 4 3 3 6
11042 1801 1804 25 24 10 9 6 16
11049 53 54 1 0 -2 10 5 10
11057 2314 2317 36 3 10 5 5 18
11066 732 731 14 1 8 10 4 12
11067 76 76 2 0 3 17 3 11
11097 28 28 0 0 7 8 3 10
11109 303 302 5 5 10 10 6 14
11122 76 76 1 0 8 9 3 8
11140 192 192 4 0 10 9 4 10
11146 78 81 2 0 25 11 3 11
11150 34 34 5 0 30 32 3 10
11193 4244 4187 132 4 9 9 4 15
11252 83 84 0 0 16 25 3 14
11259 819 819 34 3 12 10 3 9
11267 284 285 9 1 11 17 5 14
11274 28 28 1 0 -1 8 3 8
11278 2067 2068 61 5 8 7 4 17
11292 3987 3992 22 5 7 4 7 14
11298 6240 6241 170 83 14 10 12 19
11308 41 41 6 0 23 29 4 10
11336 8 8 0 0 16 12 2 6
11337 20 20 1 0 24 27 5 10
11413 16 16 0 0 5 6 4 8
11423 216 223 9 0 9 15 4 12
11433 2670 2675 99 2 20 11 9 18
11503 21 21 0 0 0 23 4 16
11525 39 39 0 0 -1 0 4 7
11540 444 444 6 0 8 9 3 10
11577 21 21 0 0 0 -7 3 16
11603 117 117 2 0 14 4 3 8
11612 124 124 10 0 17 15 4 11
11618 3140 3138 73 1 18 21 9 30
11624 10 21 0 0 43 20 5 12
11630 133 133 2 0 12 16 4 10
11637 81 81 5 0 6 19 4 11
11638 277 277 5 0 2 1 4 8
11641 28 28 1 0 29 34 3 9
11648 78 78 0 0 2 9 6 9
11697 1295 1293 9 0 8 9 3 15
11699 20 20 5 0 12 21 4 9
11721 132 140 2 0 7 19 3 9
11775 76 76 3 0 6 11 4 10
11778 41 41 2 0 15 19 4 7
11823 125 125 8 0 17 15 3 11
11884 276 276 0 0 3 8 4 10
11898 20 20 3 0 24 63 3 8
11905 22 21 0 0 6 11 6 8
11921 82 83 0 1 3 5 3 7
11953 42 49 13 0 32 30 3 9
11973 113 120 2 0 10 13 4 11
11977 135 134 8 1 7 12 5 9
11982 102 102 4 0 11 15 4 14
11986 305 306 13 0 13 17 4 12
11995 373 373 14 0 15 20 4 15
11996 254 261 11 1 10 16 3 13
11997 7 7 0 0 1 -2 4 7
12003 81 80 0 0 6 10 4 9
12007 27 27 6 0 27 14 4 7
12094 7 7 0 0 -4 7 4 15
12149 21 21 1 0 13 23 4 14
12156 48 48 1 0 -1 0 3 7
12173 770 770 5 0 0 1 4 13
12191 1116 1120 33 16 19 11 4 8
12197 114 113 3 1 3 3 5 21
12206 115 115 0 0 12 13 2 9
12217 239 239 11 0 10 11 4 10
12223 28 21 2 0 11 5 3 10
12244 20 20 0 0 12 2 3 9
12264 2473 2477 70 4 9 6 6 21
12266 4198 4195 45 22 9 7 8 22
12278 183 183 4 0 10 15 4 12
12280 62 62 0 0 0 2 3 7
12323 87 87 5 0 18 15 4 8
12339 868 865 16 0 6 8 7 13
12363 14 14 0 0 -2 -1 4 12
12390 14 14 0 0 4 34 4 9
12391 254 254 6 0 13 5 4 11
12402 55 55 0 0 -4 -5 4 5
12436 21 21 1 0 -3 2 3 8
12441 92 92 1 1 4 8 3 16
12448 218 214 5 2 19 15 4 10
12451 587 587 8 1 11 10 4 12
12478 2099 2098 35 3 13 12 10 34
12523 127 127 0 1 14 7 4 11
12758 145 145 0 0 6 1 4 8
12819 63 63 0 0 17 8 4 11
12884 64 65 3 0 6 14 4 9
12889 3277 3278 18 0 12 9 6 15
12891 42 42 3 0 8 14 5 9
12892 4592 4593 35 1 7 6 7 14
12896 193 193 5 0 8 12 3 9
12915 27 27 0 0 4 12 5 18
12945 221 225 10 0 8 11 4 12
12951 79 79 5 0 7 13 4 13
12953 2479 2477 98 7 9 11 7 28
12954 223 223 0 0 3 5 4 13
12982 157 157 0 0 3 2 5 5
12992 390 389 8 0 13 15 5 12
13029 34 34 0 0 11 11 4 9
13061 56 56 3 0 17 16 2 11
13076 30 31 3 0 10 17 4 9
13121 7 7 0 0 29 17 3 11
13127 14 14 0 0 10 8 4 10
13139 20 20 1 0 34 13 2 9
13158 157 157 5 1 10 13 2 8
13184 45 45 2 0 1 21 4 11
13198 1121 1118 21 13 12 11 4 11
13203 20 20 2 0 38 21 3 9
13204 2256 2257 27 11 13 8 6 12
13230 146 152 3 0 4 7 4 15
13232 1946 1945 15 1 12 4 4 13
13241 21 27 1 0 13 11 4 12
13244 932 939 22 1 11 6 5 16
13256 76 76 0 0 10 6 4 10
13264 116 116 1 0 7 2 3 8
13277 70 77 9 0 22 29 4 13
13296 495 493 7 0 9 8 4 14
13303 1298 1298 12 0 10 6 8 17
13342 421 420 8 1 11 15 4 15
13360 86 86 5 0 13 16 4 12
13367 99 99 0 0 12 16 4 10
13377 34 34 1 0 23 24 3 10
13422 109 109 5 1 14 17 4 11
13424 28 28 2 0 19 2 2 9
13433 21 21 0 0 11 21 5 9
13459 20 20 1 0 0 19 4 8
13476 147 147 1 0 7 5 3 10
13485 184 184 7 0 10 21 4 13
13486 96 95 0 0 3 11 5 9
13487 2814 2833 100 4 23 15 7 19
13495 1012 1011 20 0 9 10 4 10
13502 56 56 0 0 -4 2 3 11
13577 169 169 6 0 16 14 4 11
13796 1391 1392 8 0 8 7 5 11
13829 0 0 0 0 0 0 0 0
13830 317 317 0 3 2 0 4 8
13851 400 402 5 0 11 13 4 11
13871 481 474 13 1 9 10 3 12
13873 21 21 6 4 46 34 3 6
13891 707 707 3 1 8 9 4 10
13930 6493 6487 163 18 16 13 9 20
13931 433 433 7 1 18 19 4 12
13970 21 21 2 0 34 28 3 6
13988 34 34 0 0 -3 0 3 8
14027 473 472 4 0 11 11 4 11
14057 1131 1128 2 0 6 7 3 11
14078 58 59 7 1 33 36 4 10
14098 125 125 6 0 23 27 5 12
14100 2500 2495 65 5 14 10 7 26
14107 3382 3381 20 1 9 5 6 14
14108 67 77 3 1 5 16 3 15
14113 42 42 1 0 4 3 3 7
14122 1046 1052 24 0 9 8 6 12
14193 246 239 10 1 12 16 4 10
14252 77 77 1 0 0 1 4 8
14254 7 7 0 0 16 15 4 12
14256 14 14 0 0 9 7 3 7
14262 145 144 2 0 2 10 3 9
14288 0 1 0 1 0 0 0 0
14307 612 613 8 0 9 7 4 12
14321 208 208 4 0 10 12 3 15
14457 83 83 1 0 6 12 4 9
14487 35 35 0 0 15 6 3 9
14489 70 70 0 0 4 3 3 7
14492 1187 1185 29 0 12 14 4 12
14524 410 410 24 0 9 12 5 14
14570 555 555 3 0 12 10 4 10
14574 55 62 5 0 26 26 5 13
14576 371 378 8 0 11 14 5 12
14588 0 0 0 0 0 0 0 0
14633 59 58 9 0 7 16 4 13
14635 394 394 5 0 5 6 3 13
14679 1796 1793 6 0 6 9 3 13
14683 795 802 26 0 8 8 3 10
14685 298 298 17 2 13 13 5 13
14689 244 244 2 0 6 5 4 9
14696 58 67 1 1 13 14 3 13
14698 112 112 0 0 11 7 3 11
14709 7 7 0 0 20 26 3 7
14711 21 21 1 0 1 2 3 12
14730 484 489 14 0 9 12 5 12
14747 2256 2255 8 1 9 10 6 14
14771 2623 2621 28 2 11 15 5 15
14783 175 176 6 0 8 14 3 10
14794 53 53 0 0 3 5 3 8
14814 149 163 6 0 7 17 5 9
14828 35 35 0 0 10 10 4 11
14831 1206 1206 11 0 6 6 4 11
14842 35 35 2 0 4 8 3 7
14843 515 515 7 0 7 10 5 16
14869 3298 3307 20 2 7 5 6 16
14893 1013 1013 1 0 8 8 4 10
14905 42 42 0 0 -1 -3 3 8
14908 955 955 10 2 5 6 6 14
14960 54 54 1 0 14 6 6 10
14986 126 126 3 0 16 10 4 12
15016 1291 1290 23 0 8 8 4 12
15024 62 62 0 0 6 9 4 11
15027 11 11 0 0 0 -2 3 11
15041 77 77 0 0 12 8 2 7
15070 63 63 2 0 1 8 4 15
15096 303 303 6 0 8 11 4 13
15249 112 112 3 0 15 22 4 12
15295 117 117 7 0 7 12 3 10
15304 1505 1501 22 11 12 10 5 12
15323 74 74 10 0 20 17 4 10
15370 427 434 8 0 9 12 4 11
15374 21 21 1 0 10 19 3 8
15376 367 367 4 0 4 9 4 9
15380 97 94 4 1 17 16 5 12
15389 42 41 2 0 4 2 2 7
15401 21 21 0 0 8 21 5 8
15411 55 55 2 0 13 6 5 10
15412 259 266 9 0 9 11 3 13
15601 14 14 0 0 -3 3 2 9
15607 27 27 3 0 31 34 3 8
15624 150 157 11 0 14 19 7 13
15841 14 14 0 0 0 10 4 8
15897 16 16 0 0 6 7 3 9
15919 263 278 12 3 13 15 4 12
15991 14 14 0 0 21 31 4 7
16218 21 21 0 0 1 5 3 8
T3
10135 84 84 5 0 0 4 4 12
10136 48 48 1 0 0 0 3 8
10140 739 739 7 0 3 1 4 10
10146 27 27 2 0 20 19 3 9
10154 20 20 0 0 6 5 4 18
10155 48 48 0 0 1 0 4 8
10157 80 76 6 0 7 6 3 8
10158 21 21 0 0 0 0 3 11
10165 2 2 0 0 56 34 3 6
10170 14 14 0 0 23 12 3 7
10185 47 47 0 0 2 7 4 10
10208 54 48 7 0 18 21 3 13
10245 13 13 1 0 12 15 3 9
10257 396 396 1 0 2 3 3 11
10279 162 162 2 0 0 2 3 8
10299 505 504 6 0 16 18 5 14
10329 21 21 4 0 12 24 3 8
10397 8629 8391 417 75 16 14 9 18
10408 40 47 0 0 11 9 4 12
10423 831 831 5 0 2 0 4 10
10431 73 92 4 0 11 14 4 15
10434 40 47 2 0 5 7 3 10
10469 90 90 2 0 1 0 4 10
10529 725 725 7 0 1 2 5 12
10551 22 22 0 0 38 34 3 10
10561 91 91 0 0 0 2 4 7
10577 21 21 0 0 0 -1 4 11
10581 121 121 0 0 0 4 4 11
10599 424 424 9 0 2 4 3 10
10620 109 109 0 0 0 2 3 9
10627 47 47 0 0 3 5 3 10
10685 42 42 0 0 5 4 3 9
10693 1164 1164 11 1 4 3 4 11
10713 344 344 0 0 4 4 4 9
10721 2447 2443 41 2 3 1 7 18
10728 7 7 0 0 -5 33 4 16
10731 26 26 3 0 25 23 3 8
10732 21 21 0 0 3 -5 4 12
10747 33 33 0 0 -2 0 5 17
10754 14 14 1 0 50 3 3 5
10779 27 27 0 0 -2 2 4 8
10781 202 207 4 0 6 8 4 10
10785 197 197 1 0 -1 1 4 13
10792 528 535 1 0 2 2 4 11
10800 581 579 4 0 5 4 2 11
10821 2042 2040 29 2 6 1 4 11
10849 112 112 1 1 -2 1 4 10
10868 206 214 5 0 8 7 4 13
10874 201 205 6 0 8 10 4 10
10918 21 21 0 0 7 7 3 8
10926 14 14 0 0 71 60 3 5
10930 19 18 2 0 5 1 2 7
10980 101 101 7 0 7 4 3 11
10990 36 40 2 0 0 6 4 12
10994 308 304 4 2 3 0 5 12
11002 21 21 0 0 11 -1 2 9
11003 158 158 2 0 -1 0 4 11
11041 42 42 1 0 -1 -1 3 7
11042 1749 1760 9 12 3 0 5 16
11049 55 54 1 0 -2 1 5 10
11057 2200 2200 26 5 3 0 5 17
11066 711 711 10 1 1 1 4 12
11067 76 76 0 0 -4 -3 3 11
11097 28 28 0 0 -3 -3 3 8
11109 289 291 0 2 0 0 6 13
11122 76 76 0 0 5 7 3 8
11140 189 189 6 0 -1 1 4 10
11146 76 83 2 0 0 1 3 10
11150 34 34 4 0 17 25 3 11
11193 4249 4194 46 3 2 -2 4 15
11252 84 84 4 0 13 13 3 13
11259 817 817 16 1 4 2 3 8
11267 277 284 7 0 3 3 4 13
11274 28 28 0 0 -4 0 3 8
11278 2041 2038 40 1 1 0 4 14
11292 3951 3952 29 2 3 -1 7 13
11298 6012 6038 82 32 5 1 11 16
11308 41 41 6 0 8 19 3 9
11336 8 8 0 0 26 24 2 5
11337 20 20 0 0 14 4 3 9
11413 16 16 0 0 0 2 4 9
11423 210 217 2 0 0 2 3 12
11433 2524 2525 67 3 16 10 10 17
11503 21 21 0 0 -5 0 4 13
11525 39 39 1 0 -1 0 4 8
11540 441 442 5 0 1 0 3 10
11577 21 21 1 0 -4 -11 3 10
11603 117 117 0 0 2 1 3 8
11612 124 124 2 0 6 7 5 12
11618 3114 3114 27 4 6 3 8 26
11624 3 21 1 0 -7 6 4 8
11630 127 127 6 1 10 14 3 9
11637 80 80 5 0 11 10 4 10
11638 277 277 1 0 0 -1 4 8
11641 28 28 0 0 18 17 4 9
11648 76 76 0 0 2 4 4 9
11697 1228 1227 140 3 8 4 4 15
11699 20 20 1 0 24 23 5 9
11721 116 130 1 0 9 9 4 10
11775 80 81 2 0 2 6 5 10
11778 41 41 1 0 0 4 4 8
11823 125 126 6 1 4 3 3 10
11884 276 276 1 0 4 9 3 9
11898 20 20 0 0 7 8 3 12
11905 21 21 0 0 -4 -1 6 15
11921 82 82 0 0 2 1 2 7
11953 42 49 8 0 7 10 4 9
11973 111 117 7 0 5 9 5 12
11977 129 129 2 0 0 3 4 9
11982 104 104 2 0 1 3 4 11
11986 308 312 5 0 1 6 4 12
11995 381 381 13 0 3 1 4 14
11996 254 261 6 1 0 2 3 13
11997 7 7 0 0 13 16 4 8
12003 91 91 1 0 1 7 4 8
12007 27 27 4 0 10 8 5 11
12094 7 7 0 0 -1 -6 3 11
12149 21 21 1 0 6 10 4 12
12156 47 48 0 0 0 0 3 8
12173 749 749 1 0 0 0 5 13
12191 1114 1121 29 0 9 2 3 11
12197 110 110 1 0 0 -1 5 16
12206 114 114 1 0 2 1 2 9
12217 238 238 5 0 1 2 5 11
12223 28 21 0 0 -6 -6 3 10
12244 20 20 0 0 0 2 3 9
12264 2484 2480 26 1 3 -2 6 18
12266 4102 4095 49 12 4 0 9 21
12278 183 183 4 2 3 2 4 12
12280 62 62 0 0 -1 -1 3 7
12323 83 87 1 0 6 7 5 8
12339 838 838 12 2 2 0 7 13
12363 14 14 0 0 3 3 4 13
12390 14 14 2 0 3 -8 3 6
12391 248 252 6 0 9 0 4 10
12402 55 55 0 0 -5 -5 4 5
12436 21 21 0 0 -3 0 3 9
12441 88 88 0 0 2 3 3 12
12448 217 210 4 0 6 3 3 10
12451 598 598 10 1 4 1 5 11
12478 2070 2074 30 2 5 4 9 27
12523 127 127 0 0 18 19 4 12
12758 138 138 0 0 -1 -2 4 7
12819 63 63 1 0 15 20 5 11
12884 65 65 1 0 4 8 4 8
12889 3278 3279 22 1 7 4 6 15
12891 42 42 0 0 1 2 5 9
12892 4532 4535 39 4 5 3 7 13
12896 187 187 1 1 2 3 3 9
12915 25 25 0 0 0 0 5 16
12945 208 215 8 2 1 1 4 12
12951 72 76 2 0 0 3 4 11
12953 2465 2468 58 4 3 2 8 23
12954 221 221 2 0 1 -2 4 12
12982 156 155 0 0 -3 -1 5 5
12992 383 383 4 4 6 3 4 10
13029 34 34 0 0 -4 -3 4 7
13061 55 55 1 0 -1 -2 3 10
13076 35 35 0 0 1 3 3 10
13121 7 7 0 0 0 -2 4 8
13127 14 14 0 0 2 3 4 9
13139 15 19 1 0 -2 3 3 8
13158 156 156 0 0 0 2 2 8
13184 40 40 0 0 1 10 4 10
13198 1111 1104 8 0 3 3 4 10
13203 20 20 2 0 31 41 4 13
13204 2197 2198 27 4 6 1 5 12
13230 135 142 0 0 7 5 4 13
13232 1936 1936 14 3 4 -3 4 12
13241 21 27 1 0 13 12 6 12
13244 927 935 17 1 8 4 5 16
13256 74 74 1 0 3 1 4 10
13264 116 117 0 1 1 1 3 8
13277 70 77 7 0 12 19 3 13
13296 487 487 1 0 3 1 4 11
13303 1230 1227 182 0 11 7 7 16
13342 408 408 7 1 4 5 4 14
13360 86 86 2 0 6 4 4 11
13367 98 98 0 0 7 3 4 10
13377 34 34 2 0 13 16 4 9
13422 108 108 7 1 11 12 4 11
13424 28 28 1 0 8 3 2 8
13433 21 21 0 0 13 21 5 7
13459 20 20 0 0 8 -8 6 8
13476 147 144 3 0 1 0 3 10
13485 189 189 0 0 2 8 4 11
13486 90 90 1 0 0 3 4 9
13487 2587 2592 44 10 15 11 7 18
13495 1015 1014 86 14 3 1 4 9
13502 56 56 0 0 -5 -1 3 10
13577 165 165 5 0 6 9 4 11
13796 1384 1384 9 0 6 2 5 11
13829 0 0 0 0 0 0 0 0
13830 300 300 2 0 0 0 4 8
13851 389 403 3 2 2 4 4 10
13871 459 456 6 0 2 2 3 11
13873 21 21 0 0 26 21 3 6
13891 701 700 3 0 4 5 4 10
13930 6407 6398 60 4 3 -3 8 17
13931 426 426 3 0 5 4 4 12
13970 21 21 0 0 23 21 3 7
13988 34 34 0 0 -4 0 2 9
14027 457 457 41 0 3 2 4 11
14057 1118 1118 3 0 5 4 3 11
14078 58 58 5 0 30 21 3 8
14098 120 125 5 0 5 7 5 11
14100 2410 2409 27 2 3 -3 5 18
14107 3373 3373 34 2 5 1 6 15
14108 63 77 1 0 -4 1 3 10
14113 42 43 0 1 0 -1 3 7
14122 1005 1003 10 0 1 -1 6 12
14193 238 231 3 0 5 8 4 10
14252 77 77 1 0 -1 -3 4 7
14254 7 7 0 0 -4 -23 4 12
14256 14 14 0 0 26 24 3 8
14262 151 150 2 0 0 3 3 9
14288 0 0 0 0 0 0 0 0
14307 607 607 2 0 2 1 4 11
14321 205 205 1 0 2 3 4 12
14457 83 83 0 0 0 0 4 9
14487 35 38 1 3 -3 -7 3 8
14489 70 70 0 0 1 1 3 8
14492 1193 1194 11 0 2 1 4 12
14524 413 413 17 0 1 0 5 13
14570 549 548 1 0 7 5 4 9
14574 55 62 2 0 8 10 5 11
14576 368 375 5 0 0 1 4 12
14588 0 0 0 0 0 0 0 0
14633 53 53 0 0 -1 1 4 9
14635 350 349 6 0 5 2 4 13
14679 1784 1782 14 7 4 5 3 14
14683 792 800 7 0 2 1 3 10
14685 298 298 10 0 6 4 4 12
14689 244 244 3 0 0 -2 4 8
14696 56 63 2 0 1 3 3 8
14698 112 110 3 0 2 2 3 9
14709 7 7 0 0 -1 0 2 6
14711 21 21 1 1 0 -5 3 10
14730 491 498 3 3 3 4 5 11
14747 2201 2201 11 1 7 5 6 13
14771 2580 2585 23 7 3 4 5 15
14783 180 179 1 0 0 0 3 9
14794 53 53 0 0 7 7 3 8
14814 150 164 3 0 3 7 4 9
14828 35 35 0 0 0 5 4 12
14831 1202 1204 14 2 4 4 4 11
14842 35 35 1 0 0 0 3 8
14843 438 437 12 0 6 8 5 16
14869 3282 3286 21 0 4 1 6 16
14893 1007 1006 5 0 6 3 4 9
14905 42 42 0 0 -2 -2 3 8
14908 941 943 11 2 4 2 6 13
14960 54 54 1 0 5 1 6 12
14986 120 120 3 1 8 2 4 11
15016 1258 1258 17 1 4 3 4 13
15024 50 49 1 0 0 0 4 12
15027 8 8 1 0 -6 0 3 12
15041 77 77 2 0 9 7 2 7
15070 57 57 0 0 -4 -3 4 12
15096 293 292 1 0 1 2 4 12
15249 112 112 5 0 6 8 4 11
15295 112 116 2 0 -2 -1 3 10
15304 1457 1450 35 0 5 3 4 11
15323 74 74 1 0 15 17 4 10
15370 425 432 6 0 4 4 3 10
15374 21 21 0 0 13 21 3 10
15376 365 365 3 0 7 3 4 9
15380 63 62 0 0 5 1 4 10
15389 42 42 0 0 1 2 2 7
15401 21 21 0 0 -2 4 5 8
15411 55 55 0 0 0 2 5 9
15412 259 265 1 0 4 4 3 12
15601 14 14 0 0 -2 3 3 7
15607 27 27 4 0 24 28 3 8
15624 150 157 4 0 6 11 8 12
15841 14 14 0 0 12 27 3 9
15897 16 16 0 0 4 6 2 7
15919 254 275 5 0 8 3 5 11
15991 14 14 0 0 55 65 4 7
16218 21 21 0 0 -2 4 3 10
T4
10135 80 80 2 0 1 3 4 11
10136 48 48 1 0 1 11 3 9
10140 724 727 1 1 3 0 4 9
10146 27 27 1 0 34 14 3 8
10154 18 18 0 0 5 9 5 20
10155 47 47 0 0 -4 -1 5 9
10157 78 77 3 0 -1 -2 3 6
10158 21 21 0 0 1 1 3 10
10165 2 2 0 0 71 5 4 8
10170 14 14 0 0 15 1 3 6
10185 45 45 5 0 3 6 3 13
10208 48 44 2 0 15 8 3 9
10245 13 13 1 0 4 10 3 4
10257 377 377 3 0 0 -1 3 12
10279 155 154 2 0 1 3 4 9
10299 495 492 14 0 9 9 5 12
10329 21 21 1 0 -2 2 4 10
10397 8105 8015 611 4 9 4 9 18
10408 41 43 1 0 9 11 4 11
10423 798 796 5 2 3 0 4 11
10431 79 87 3 0 5 9 3 18
10434 39 44 3 0 2 3 3 12
10469 83 82 1 0 -1 -3 3 11
10529 703 701 3 0 0 -1 4 13
10551 22 22 1 0 11 0 3 10
10561 86 86 1 0 1 6 5 7
10577 20 20 0 0 29 3 4 10
10581 119 119 2 0 4 9 4 12
10599 396 393 47 2 3 1 3 11
10620 108 108 0 0 -3 0 3 9
10627 45 43 0 0 -2 4 3 9
10685 42 42 1 0 -2 5 3 9
10693 1104 1105 26 0 3 1 4 11
10713 331 331 0 0 0 0 3 10
10721 2369 2367 49 2 7 8 7 21
10728 7 7 1 0 -3 3 5 16
10731 24 28 1 0 14 21 4 4
10732 21 21 0 0 -3 1 4 13
10747 31 31 1 0 0 13 6 18
10754 14 14 1 0 11 4 3 6
10779 26 26 0 0 -5 0 4 8
10781 192 195 46 0 21 13 5 17
10785 187 187 2 1 0 0 4 15
10792 522 523 4 0 4 3 4 11
10800 571 572 4 0 3 2 2 11
10821 1967 1971 24 1 5 -2 4 11
10849 103 103 1 0 -1 0 4 10
10868 195 199 4 0 5 2 4 12
10874 198 201 3 0 4 0 4 10
10918 21 21 0 0 4 7 3 10
10926 14 14 0 0 25 21 4 7
10930 19 19 0 0 0 -6 2 7
10980 93 91 3 1 5 3 3 9
10990 41 44 0 0 1 9 3 7
10994 298 294 5 0 1 2 5 11
11002 20 20 0 0 -3 -9 3 8
11003 154 151 0 2 1 -1 4 9
11041 40 40 2 0 4 3 3 6
11042 1664 1666 18 0 1 1 6 15
11049 54 54 0 0 -1 0 5 10
11057 2171 2172 60 0 2 -1 4 17
11066 693 690 5 1 3 2 4 11
11067 73 72 3 0 -2 0 4 10
11097 27 26 1 0 -4 -2 3 9
11109 281 281 0 0 2 -1 6 13
11122 70 70 0 0 1 0 3 9
11140 179 178 3 0 2 5 4 11
11146 77 80 2 0 6 9 3 11
11150 31 31 2 0 6 8 2 7
11193 4015 4020 90 3 4 -2 4 14
11252 77 76 6 0 5 10 3 12
11259 761 758 49 5 6 4 3 9
11267 261 263 5 1 3 3 5 13
11274 27 27 0 0 -6 0 3 9
11278 1955 1951 54 0 0 -1 4 14
11292 3804 3817 45 0 1 -4 7 13
11298 5860 5856 146 6 4 0 11 17
11308 37 36 2 0 3 10 4 8
11336 8 8 0 0 5 5 2 6
11337 18 17 0 0 -1 2 4 8
11413 15 15 0 0 0 0 3 8
11423 204 207 6 1 2 2 4 10
11433 2405 2413 42 0 8 3 9 17
11503 21 21 0 0 -7 -2 4 13
11525 38 38 1 0 -4 3 4 8
11540 420 422 0 0 3 1 4 9
11577 20 20 1 0 -3 -2 4 12
11603 114 114 1 0 -1 -1 4 9
11612 117 116 3 0 5 4 4 9
11618 2978 2966 53 3 9 12 8 24
11624 9 22 0 0 5 11 3 10
11630 122 122 5 0 7 12 3 10
11637 74 73 2 0 0 3 4 11
11638 261 260 1 0 -1 -4 4 8
11641 28 28 2 0 14 19 3 9
11648 75 75 0 0 0 4 4 9
11697 1192 1189 17 0 4 0 4 15
11699 18 17 1 0 16 5 3 9
11721 117 122 1 0 1 3 4 9
11775 79 78 1 0 -4 -4 4 10
11778 41 41 0 0 16 7 4 9
11823 120 118 2 0 0 1 3 10
11884 271 268 0 0 4 3 4 9
11898 18 17 0 0 1 4 4 7
11905 21 21 0 0 -5 0 5 7
11921 80 81 0 1 3 2 3 8
11953 45 48 4 0 24 13 4 9
11973 97 100 97 0 0 0 0 0
11977 123 122 2 0 -3 -1 4 10
11982 100 99 2 0 -2 0 4 10
11986 288 292 4 0 0 3 3 11
11995 351 347 15 0 3 1 4 14
11996 239 240 5 0 1 1 3 13
11997 3 3 0 0 16 21 5 8
12003 92 93 0 0 2 3 4 7
12007 27 26 6 0 7 6 3 8
12094 5 5 0 0 -6 19 4 12
12149 21 21 0 0 7 2 3 8
12156 47 47 2 0 0 4 3 8
12173 744 744 2 8 0 -2 4 13
12191 1069 1074 61 2 8 2 3 12
12197 111 111 0 0 -1 -1 5 17
12206 107 107 0 0 4 8 2 9
12217 223 221 16 0 7 7 4 12
12223 24 21 0 0 0 0 3 9
12244 20 20 0 0 -1 -2 3 9
12264 2330 2319 43 1 1 -3 6 18
12266 3879 3871 184 28 7 4 8 26
12278 179 176 3 0 3 0 4 10
12280 62 62 2 0 -3 0 3 7
12323 83 84 2 0 1 0 4 8
12339 808 808 12 0 1 0 8 13
12363 14 14 0 0 -5 -6 3 11
12390 16 16 0 0 7 11 3 8
12391 247 250 0 0 3 -1 4 9
12402 55 55 0 0 -5 -3 4 5
12436 21 21 0 0 -5 -4 2 9
12441 86 86 0 0 1 6 3 11
12448 207 202 82 9 9 5 4 10
12451 583 581 6 0 4 2 4 11
12478 2044 2045 42 4 4 4 10 31
12523 119 119 3 1 9 6 4 12
12758 136 135 0 0 -3 -3 4 7
12819 59 59 1 0 7 6 4 10
12884 69 68 1 0 -1 1 4 9
12889 3222 3225 28 2 4 0 6 15
12891 42 42 0 0 0 0 4 9
12892 4418 4420 47 4 3 1 7 13
12896 179 177 0 0 2 4 3 9
12915 22 21 0 0 12 25 5 17
12945 197 199 6 0 0 -1 4 11
12951 69 72 14 0 14 10 6 14
12953 2382 2383 58 2 2 3 7 20
12954 221 221 0 0 0 -6 4 12
12982 153 153 0 0 0 -1 5 4
12992 362 359 7 0 7 5 4 11
13029 34 34 0 0 -2 -6 4 9
13061 53 53 0 0 0 -1 3 9
13076 32 31 1 0 -3 0 3 12
13121 7 7 0 0 12 11 4 6
13127 14 14 0 0 0 4 5 9
13139 18 21 0 0 0 0 3 8
13158 153 152 0 0 7 5 2 8
13184 40 38 0 0 -1 5 4 11
13198 1049 1044 12 0 2 1 4 10
13203 21 21 2 0 9 11 3 11
13204 2168 2165 25 1 4 0 5 13
13230 137 140 2 0 4 2 4 13
13232 1819 1817 14 1 5 -3 4 11
13241 24 27 8 0 5 1 4 9
13244 884 891 47 1 5 1 5 15
13256 69 68 0 0 0 6 4 9
13264 109 109 1 0 -2 -3 3 7
13277 68 71 8 0 7 4 3 11
13296 462 461 4 0 2 0 3 12
13303 1213 1213 34 0 14 9 8 17
13342 391 390 6 0 1 2 4 14
13360 77 77 4 0 6 8 5 12
13367 96 95 1 0 -3 -3 4 9
13377 30 30 2 0 8 17 4 9
13422 97 100 42 1 12 11 5 11
13424 27 27 0 0 1 -3 3 8
13433 21 20 1 0 -2 9 5 10
13459 20 20 0 0 -4 -10 4 7
13476 143 143 0 0 -1 -1 3 9
13485 182 182 2 0 -1 3 3 12
13486 93 94 1 0 -2 -2 4 8
13487 2469 2482 28 16 9 4 7 18
13495 892 892 892 128 0 0 0 0
13502 56 56 1 0 -5 -2 3 10
13577 148 152 4 0 3 0 4 10
13796 1353 1352 11 1 4 1 5 10
13829 1 3 0 3 108 0 0 5
13830 298 296 1 0 -2 -1 4 8
13851 376 381 2 0 4 2 4 10
13871 442 441 4 0 3 3 3 11
13873 21 21 1 0 25 20 3 5
13891 685 687 4 0 4 5 4 10
13930 6211 6215 79 0 4 -1 8 17
13931 420 419 10 0 4 3 4 12
13970 21 21 1 0 28 25 3 7
13988 32 32 2 0 0 2 3 8
14027 450 447 4 5 4 0 4 11
14057 1101 1102 1 1 2 1 3 11
14078 57 58 10 0 5 10 3 9
14098 118 121 5 0 8 7 5 10
14100 2338 2346 60 1 5 -1 6 20
14107 3271 3266 34 1 5 0 6 15
14108 67 73 0 0 1 5 3 9
14113 42 42 1 0 -3 -5 3 7
14122 958 955 14 0 1 -1 5 13
14193 230 226 63 0 7 5 3 10
14252 74 74 0 0 -2 -4 4 8
14254 7 7 0 0 0 -23 3 11
14256 14 14 1 1 7 3 4 6
14262 149 150 1 1 -1 2 3 9
14288 0 0 0 0 0 0 0 0
14307 586 585 4 0 2 0 4 12
14321 198 203 3 0 7 3 4 14
14457 82 82 0 0 -2 -2 4 9
14487 35 35 0 0 -3 -6 3 8
14489 68 68 0 0 -2 -1 3 8
14492 1159 1159 11 0 2 1 4 12
14524 397 397 9 0 2 0 4 13
14570 523 522 4 1 3 3 4 9
14574 44 52 1 0 11 8 5 12
14576 360 361 6 1 0 0 5 11
14588 0 0 0 0 0 0 0 0
14633 50 50 0 0 -1 0 4 10
14635 339 340 6 1 0 0 4 12
14679 1738 1740 24 12 4 3 3 13
14683 754 761 4 1 2 1 3 10
14685 279 279 11 0 5 5 5 12
14689 241 241 2 0 -1 -1 3 8
14696 59 61 0 0 0 1 3 7
14698 110 110 0 0 1 0 3 10
14709 7 7 0 0 13 13 3 5
14711 21 21 0 0 3 0 3 9
14730 470 469 9 1 4 4 5 11
14747 2173 2175 11 3 4 2 6 13
14771 2515 2519 24 2 2 1 5 15
14783 174 172 2 0 -1 0 3 8
14794 52 52 0 0 3 5 3 8
14814 151 157 4 0 12 10 4 9
14828 35 35 0 0 0 4 4 11
14831 1172 1175 14 0 2 2 4 10
14842 33 33 0 0 -2 -6 3 8
14843 421 421 7 0 4 9 5 17
14869 3214 3209 43 11 4 0 6 16
14893 988 990 6 1 5 3 4 9
14905 40 40 0 0 2 3 3 7
14908 917 915 12 0 1 1 6 12
14960 52 52 5 0 -1 -2 7 11
14986 111 110 4 0 2 -2 4 11
15016 1214 1218 16 0 2 -1 4 11
15024 43 43 0 0 3 5 4 10
15027 7 7 1 0 2 3 3 12
15041 77 76 2 0 2 4 2 7
15070 46 45 0 0 -5 -5 4 12
15096 285 285 1 0 0 2 4 12
15249 104 102 8 0 2 7 4 9
15295 99 102 3 0 -5 -2 3 10
15304 1433 1429 36 1 4 3 4 12
15323 74 74 3 0 4 2 4 11
15370 422 426 2 1 5 5 4 10
15374 21 21 3 0 2 -8 3 9
15376 359 357 1 0 2 0 4 9
15380 59 60 1 0 5 -1 3 10
15389 43 44 0 2 1 1 2 7
15401 21 21 0 0 -1 -1 3 8
15411 53 53 0 0 -1 6 4 8
15412 252 254 3 0 4 2 3 12
15601 6 6 0 0 -5 -1 2 9
15607 24 25 1 0 15 16 4 8
15624 154 157 38 0 2 9 8 12
15841 14 14 1 0 -1 11 3 6
15897 16 16 0 0 2 4 3 7
15919 251 261 5 0 5 5 5 12
15991 14 14 1 0 10 20 4 7
16218 21 20 0 0 0 7 4 10
T5
10135 81 83 1 0 -2 -1 5 11
10136 48 48 3 0 0 2 3 9
10140 751 749 0 1 2 -2 4 9
10146 27 27 0 0 0 -2 3 8
10154 5 4 0 0 0 9 4 43
10155 48 48 2 0 -2 -2 5 9
10157 82 81 1 0 4 2 3 7
10158 21 21 0 0 0 3 3 12
10165 2 2 0 0 47 42 4 8
10170 14 14 0 0 14 7 3 8
10185 50 50 0 0 0 -6 3 10
10208 46 46 1 0 5 2 3 8
10245 12 12 1 0 17 20 3 4
10257 355 356 2 0 2 0 3 12
10279 159 160 1 0 0 1 5 8
10299 437 434 6 0 14 19 5 13
10329 21 21 0 0 38 -4 3 9
10397 7961 7878 240 4 4 -3 9 15
10408 40 41 1 0 0 1 5 10
10423 808 810 4 1 0 -2 4 10
10431 87 88 1 0 10 3 3 13
10434 34 41 0 0 2 0 4 9
10469 82 83 2 0 2 0 4 8
10529 697 697 5 0 0 0 4 11
10551 21 21 2 0 9 7 2 7
10561 84 84 0 0 6 7 5 8
10577 20 20 0 0 -1 3 4 15
10581 114 114 1 0 6 8 3 11
10599 380 382 1 0 0 0 3 10
10620 105 105 1 0 -1 1 3 9
10627 45 47 0 0 4 0 3 9
10685 42 42 0 0 7 1 4 8
10693 1123 1119 4 2 1 -1 4 11
10713 325 324 0 0 2 1 4 9
10721 2364 2365 24 0 7 12 7 20
10728 7 7 0 0 -3 -1 5 18
10731 21 28 0 0 0 -1 3 7
10732 13 13 0 0 -3 -3 4 11
10747 32 32 0 0 -3 -2 6 15
10754 14 14 0 0 18 6 3 5
10779 27 26 2 0 0 -1 3 8
10781 209 208 10 0 12 8 5 12
10785 194 193 0 0 0 1 4 13
10792 523 524 3 0 0 0 4 11
10800 578 577 1 0 2 1 2 10
10821 2004 2007 10 0 3 -1 4 11
10849 98 98 1 1 -2 -2 4 10
10868 202 202 4 0 2 1 4 12
10874 204 203 2 1 2 -3 4 10
10918 21 22 0 1 3 5 3 7
10926 14 14 0 0 24 24 3 8
10930 20 20 0 0 8 -1 2 8
10980 85 87 2 0 2 -3 3 8
10990 47 47 0 0 -3 -4 3 9
10994 297 299 7 0 -2 0 6 10
11002 20 20 0 0 6 7 2 10
11003 153 155 1 0 -2 0 3 9
11041 40 39 1 0 -1 -1 3 7
11042 1690 1694 10 0 0 -2 5 16
11049 54 55 2 0 -1 -1 5 9
11057 2157 2155 35 0 0 -2 4 18
11066 710 714 5 0 2 2 5 11
11067 73 74 1 0 4 0 3 10
11097 27 28 0 0 0 0 4 10
11109 289 289 0 0 2 -3 6 13
11122 73 73 0 0 1 0 3 8
11140 187 187 5 0 0 0 4 11
11146 85 86 1 0 0 -3 4 10
11150 28 28 2 0 8 14 2 8
11193 3964 3927 19 3 1 -5 4 13
11252 61 60 0 0 0 3 3 11
11259 756 756 7 1 3 0 3 8
11267 265 265 1 0 -1 -1 4 12
11274 28 28 1 0 -5 -3 3 8
11278 1930 1933 26 0 -1 0 4 13
11292 3832 3839 26 0 1 -4 7 13
11298 5906 5913 82 3 2 -1 11 17
11308 34 34 0 0 7 2 3 8
11336 7 7 1 0 10 9 2 3
11337 19 20 0 0 12 9 4 13
11413 8 8 0 1 1 2 4 7
11423 216 218 2 0 0 0 4 11
11433 2456 2432 19 3 7 2 9 17
11503 6 4 0 0 4 20 4 13
11525 38 38 0 0 2 4 4 7
11540 430 428 0 1 1 0 4 9
11577 20 20 0 0 -4 0 4 12
11603 108 108 0 0 4 3 4 9
11612 115 116 0 0 -2 -1 4 9
11618 2856 2870 15 8 2 0 8 25
11624 17 24 1 0 30 13 4 10
11630 116 115 1 0 10 15 3 10
11637 74 76 0 0 -1 7 4 9
11638 259 259 0 0 1 0 4 9
11641 28 28 0 0 5 2 4 8
11648 71 70 2 0 0 1 3 10
11697 1140 1137 3 3 2 1 4 13
11699 14 14 1 0 0 -1 3 10
11721 127 128 2 0 1 -2 4 9
11775 90 91 0 0 -5 -4 4 10
11778 41 41 0 0 11 10 5 9
11823 109 110 0 0 0 0 3 9
11884 267 269 0 0 2 3 4 9
11898 18 19 1 0 -5 9 4 8
11905 21 21 0 0 -4 0 5 8
11921 84 84 1 1 6 9 3 8
11953 48 48 1 0 -1 -3 4 8
11973 52 52 45 0 4 0 4 11
11977 125 126 2 1 0 2 4 9
11982 100 101 1 0 2 4 4 10
11986 307 307 2 0 2 2 4 11
11995 338 340 6 0 0 0 4 13
11996 248 250 0 1 0 0 3 11
11997 0 0 0 0 0 0 0 0
12003 97 97 2 1 -1 -1 4 7
12007 26 27 0 0 3 -6 4 9
12094 4 3 0 0 -2 -3 4 8
12149 21 21 0 0 0 -8 3 7
12156 47 48 1 1 -5 -5 3 8
12173 707 706 3 3 -1 -1 4 13
12191 1078 1084 9 2 4 -2 3 11
12197 120 120 0 1 0 -4 5 16
12206 113 113 0 0 1 0 2 9
12217 226 227 7 0 0 0 4 10
12223 21 21 0 0 3 1 3 15
12244 20 20 0 0 -2 3 4 9
12264 2232 2241 13 0 1 -2 6 17
12266 3904 3919 66 4 0 -3 8 19
12278 185 186 1 1 2 -2 4 10
12280 62 65 0 3 0 -1 4 8
12323 84 86 1 0 -1 0 4 8
12339 818 817 6 0 1 0 8 12
12363 14 14 0 0 0 2 4 11
12390 20 20 0 0 29 0 2 6
12391 262 262 0 0 5 -6 4 9
12402 55 55 0 0 -5 -4 4 5
12436 19 19 1 0 -3 -2 3 9
12441 83 79 6 1 3 0 3 12
12448 210 212 0 0 7 1 4 10
12451 597 600 2 0 3 0 5 11
12478 1979 1979 18 2 5 7 9 28
12523 107 106 1 0 13 12 4 11
12758 127 127 0 0 0 0 4 8
12819 54 53 0 0 10 6 4 9
12884 76 79 0 1 3 0 3 8
12889 3264 3260 19 2 4 0 5 15
12891 42 42 0 0 0 1 5 9
12892 4462 4458 31 3 2 0 7 13
12896 183 185 1 0 0 1 3 9
12915 27 28 0 0 8 7 5 18
12945 203 203 2 0 -3 -3 4 11
12951 77 78 1 0 6 2 4 14
12953 2398 2400 29 3 0 1 7 26
12954 214 215 0 0 1 -8 4 12
12982 142 142 1 0 -1 -1 5 4
12992 361 363 3 0 0 -1 4 10
13029 39 39 0 0 -1 -1 3 9
13061 56 56 1 0 -1 -2 3 11
13076 34 35 0 0 -4 -4 3 11
13121 7 7 0 0 22 18 4 7
13127 14 14 0 0 -2 8 5 9
13139 21 21 0 0 3 -4 2 7
13158 153 154 2 0 0 0 2 8
13184 38 39 2 0 -3 5 4 9
13198 1073 1076 5 0 0 -1 4 10
13203 21 21 0 0 10 4 4 10
13204 2072 2071 6 2 2 1 5 13
13230 144 144 2 0 -3 -1 4 12
13232 1864 1867 4 1 3 -5 4 12
13241 27 27 1 0 1 -3 4 10
13244 900 897 12 1 1 -2 5 14
13256 68 68 1 0 -3 -3 4 10
13264 105 105 1 0 3 1 3 9
13277 68 68 0 0 12 0 3 10
13296 465 466 0 0 0 0 4 11
13303 1193 1194 19 0 8 7 8 16
13342 397 398 3 0 0 1 4 12
13360 71 71 1 0 7 6 5 9
13367 97 97 3 0 -1 -4 3 9
13377 28 28 0 0 5 8 4 11
13422 83 89 2 0 10 7 4 10
13424 26 26 1 0 10 5 2 9
13433 20 21 0 0 9 21 5 8
13459 19 19 0 0 7 13 4 14
13476 146 146 0 0 2 3 3 9
13485 185 185 2 0 -2 2 3 12
13486 92 93 0 1 -3 1 4 9
13487 2556 2536 14 2 7 3 7 19
13495 314 335 314 21 0 0 0 0
13502 47 46 0 0 -4 -2 3 10
13577 124 131 0 0 0 0 3 10
13796 1368 1366 4 1 4 0 5 10
13829 0 0 0 0 0 0 0 0
13830 255 255 2 0 1 0 4 8
13851 385 395 3 0 1 0 4 10
13871 454 453 3 0 2 -1 3 11
13873 21 21 2 1 23 20 3 6
13891 697 696 1 0 3 3 4 9
13930 6411 6398 52 1 2 -4 8 19
13931 425 426 7 0 2 1 3 11
13970 21 21 1 0 24 19 3 7
13988 32 32 0 0 -4 3 3 6
14027 419 420 2 0 0 0 4 10
14057 1097 1096 4 0 1 0 3 11
14078 51 58 0 0 4 0 3 7
14098 122 122 1 0 10 5 5 10
14100 2341 2330 27 0 2 -6 5 17
14107 3318 3324 13 1 3 -2 6 15
14108 86 87 2 0 -2 -3 3 9
14113 42 43 1 1 -4 -4 3 8
14122 980 984 9 0 0 -4 5 12
14193 223 223 2 0 3 4 3 10
14252 69 69 1 0 -3 -3 3 8
14254 7 7 0 0 -6 -17 4 11
14256 14 14 0 0 40 41 4 7
14262 163 163 0 0 2 4 3 8
14288 0 0 0 0 0 0 0 0
14307 589 591 0 0 2 -1 4 11
14321 188 193 4 0 3 3 3 13
14457 88 88 0 0 0 0 4 9
14487 35 35 0 0 0 0 3 8
14489 63 63 0 0 -1 -3 3 8
14492 1204 1203 8 2 2 0 4 11
14524 394 394 8 0 0 -1 4 11
14570 524 525 2 0 5 3 4 9
14574 34 49 0 0 16 3 5 12
14576 360 362 3 0 -2 -1 4 11
14588 0 0 0 0 0 0 0 0
14633 51 51 2 0 -1 -2 4 9
14635 316 315 1 0 1 -1 4 12
14679 1743 1736 19 0 2 2 3 13
14683 772 772 3 0 1 -1 3 9
14685 287 286 4 0 1 1 4 11
14689 240 240 2 0 0 -3 3 8
14696 61 62 0 0 4 -5 4 8
14698 111 111 0 0 3 -1 3 11
14709 6 6 0 0 19 25 2 5
14711 21 21 0 0 -4 -6 3 9
14730 467 469 3 0 0 0 5 10
14747 2142 2148 6 1 5 0 6 13
14771 2526 2519 17 0 3 4 5 15
14783 171 174 2 0 -1 2 3 9
14794 52 52 0 0 3 7 3 8
14814 156 158 3 0 4 -1 5 8
14828 33 33 1 0 -5 1 4 10
14831 1195 1193 11 2 2 2 4 10
14842 35 35 1 0 4 0 3 7
14843 403 404 2 4 2 7 5 15
14869 3235 3227 32 3 2 0 6 15
14893 992 988 4 0 4 3 3 9
14905 41 41 0 0 -2 -2 3 7
14908 934 937 6 0 1 0 5 12
14960 54 54 3 0 2 9 6 12
14986 99 99 2 1 2 -3 4 10
15016 1232 1227 8 0 1 -2 4 11
15024 32 32 0 0 -1 5 4 9
15027 6 6 0 0 10 7 3 14
15041 77 77 1 0 3 1 2 7
15070 42 42 0 0 -2 -2 4 10
15096 282 280 1 0 0 0 4 12
15249 96 96 4 0 0 0 4 10
15295 94 94 1 0 -2 -5 3 9
15304 1392 1388 14 0 3 0 4 10
15323 73 74 1 0 -1 -2 3 7
15370 459 459 6 0 1 0 3 10
15374 21 21 0 0 4 -9 3 7
15376 364 366 1 0 1 0 4 9
15380 46 45 0 0 6 5 3 8
15389 42 42 0 0 6 0 3 7
15401 21 21 0 0 4 7 3 8
15411 55 55 1 0 -4 1 5 7
15412 264 264 3 0 -2 -2 3 11
15601 0 0 0 0 0 0 0 0
15607 21 21 0 0 0 -6 3 9
15624 151 151 2 0 -1 1 7 12
15841 14 14 0 0 29 41 4 12
15897 16 16 0 0 2 3 2 7
15919 261 261 1 0 1 -3 4 11
15991 14 14 0 0 16 20 4 7
16218 20 20 0 0 3 5 3 7
T6
10135 76 83 0 0 1 1 4 11
10136 48 48 1 0 4 16 3 9
10140 750 749 3 0 4 3 4 10
10146 27 27 0 0 2 1 4 8
10154 0 0 0 0 0 0 0 0
10155 48 48 0 0 1 4 5 9
10157 82 81 3 0 10 6 3 8
10158 21 21 0 0 -3 0 4 12
10165 2 2 0 0 -10 -9 4 6
10170 14 14 0 0 11 1 3 6
10185 52 52 0 0 7 1 3 11
10208 46 46 5 0 19 20 3 9
10245 5 5 0 0 -8 -13 3 4
10257 352 352 2 0 1 2 3 13
10279 163 163 3 0 6 9 5 9
10299 384 384 6 0 9 11 5 12
10329 21 21 0 0 0 -2 3 9
10397 7889 7818 237 3 8 1 8 19
10408 41 41 0 0 -2 -3 4 9
10423 813 813 5 0 3 2 4 11
10431 88 88 2 0 19 14 3 14
10434 34 41 0 0 4 7 4 11
10469 87 87 1 0 -1 0 3 11
10529 692 691 4 0 2 3 4 14
10551 22 22 2 0 7 7 3 7
10561 82 82 0 0 4 9 5 7
10577 20 20 0 0 -2 0 4 12
10581 113 113 5 0 9 17 4 12
10599 386 385 2 0 4 2 4 12
10620 103 103 0 0 0 2 3 10
10627 47 47 0 1 3 7 3 10
10685 42 42 1 0 4 6 4 8
10693 1139 1138 6 1 5 3 5 11
10713 319 319 0 1 3 3 4 9
10721 2379 2380 57 3 15 19 7 20
10728 7 7 0 0 -2 -4 4 16
10731 21 27 0 0 17 10 3 6
10732 11 11 0 0 -5 1 5 11
10747 31 31 0 0 5 -2 5 21
10754 12 12 1 0 10 1 3 6
10779 27 27 0 0 -1 -2 3 8
10781 206 207 7 1 19 13 5 13
10785 192 191 5 0 3 4 3 12
10792 524 523 4 0 4 4 4 11
10800 581 581 4 0 9 9 2 10
10821 2011 2013 19 1 5 1 4 12
10849 96 96 0 0 -4 -1 4 10
10868 199 199 6 0 13 5 4 13
10874 204 204 5 0 3 2 4 11
10918 21 21 0 0 5 5 3 9
10926 14 14 0 0 18 12 3 7
10930 20 20 1 0 17 6 2 8
10980 87 87 6 0 4 9 3 9
10990 47 47 0 0 0 -2 3 8
10994 298 296 7 0 4 6 5 11
11002 20 20 0 0 7 5 2 11
11003 155 155 2 0 1 3 4 9
11041 40 40 0 0 0 0 3 7
11042 1677 1675 11 0 3 3 6 15
11049 55 55 1 0 4 5 5 8
11057 2123 2126 26 4 4 1 4 18
11066 712 712 11 0 6 6 5 11
11067 74 74 1 0 2 -1 4 10
11097 28 28 1 0 0 0 3 10
11109 290 290 0 0 0 3 6 12
11122 74 74 0 0 -1 0 3 9
11140 187 187 3 0 3 4 4 11
11146 87 87 1 0 0 3 2 11
11150 28 28 2 0 20 21 2 11
11193 3959 3949 56 5 3 -2 4 14
11252 57 57 0 0 0 4 4 11
11259 780 780 9 4 8 6 3 9
11267 264 264 1 0 3 3 4 13
11274 28 28 0 0 -2 0 3 8
11278 1954 1957 33 0 2 3 4 15
11292 3793 3797 17 1 3 0 7 13
11298 5900 5905 84 43 8 5 11 19
11308 34 34 1 0 6 10 3 8
11336 3 3 0 0 38 31 2 11
11337 20 20 0 0 0 1 5 9
11413 6 6 0 0 -5 -5 3 6
11423 217 217 6 0 0 2 4 12
11433 2501 2491 25 1 9 5 9 17
11503 0 0 0 0 0 0 0 0
11525 39 39 0 0 3 4 3 7
11540 426 425 2 0 2 2 3 10
11577 20 20 1 0 -4 -1 3 10
11603 104 102 5 0 10 6 4 9
11612 116 115 1 0 -1 0 4 10
11618 2860 2860 64 23 12 20 9 28
11624 21 28 1 0 16 15 3 7
11630 99 99 2 0 2 5 3 10
11637 79 79 0 0 -4 1 4 9
11638 259 259 2 0 3 2 4 8
11641 28 28 0 0 3 7 4 8
11648 69 69 0 0 1 2 3 9
11697 1119 1120 5 3 4 1 4 13
11699 14 14 0 0 3 1 4 10
11721 129 129 3 0 -1 0 3 9
11775 95 94 3 0 -2 0 4 11
11778 41 41 2 0 7 14 5 9
11823 110 110 1 0 1 2 4 10
11884 268 267 3 0 4 4 3 9
11898 20 20 0 0 6 16 4 9
11905 21 21 0 0 4 12 5 9
11921 84 84 0 0 7 3 3 8
11953 48 48 1 0 12 13 2 8
11973 34 34 0 0 7 7 5 11
11977 127 128 1 1 0 2 4 9
11982 101 101 1 0 7 7 4 11
11986 314 314 4 0 2 4 4 11
11995 336 336 6 0 5 4 4 14
11996 252 252 6 0 0 3 3 12
11997 0 0 0 0 0 0 0 0
12003 97 96 1 0 -1 1 4 8
12007 27 27 0 0 12 9 3 10
12094 7 7 0 0 1 -8 2 6
12149 21 21 1 0 0 -3 3 8
12156 47 47 0 0 -3 0 3 9
12173 694 694 1 0 0 6 4 13
12191 1076 1081 8 0 7 2 4 10
12197 121 121 4 0 1 -5 5 18
12206 112 112 0 0 4 5 2 10
12217 227 227 5 0 0 0 5 11
12223 21 21 0 0 11 -6 3 8
12244 20 20 0 0 2 1 3 14
12264 2175 2176 20 1 3 0 6 19
12266 3809 3811 24 14 3 3 8 20
12278 184 184 1 0 2 4 4 11
12280 62 62 0 0 -2 -3 4 8
12323 87 87 21 0 0 6 4 9
12339 822 822 6 0 2 1 7 13
12363 14 14 0 0 -2 3 4 11
12390 20 20 2 0 13 16 4 7
12391 259 259 0 0 5 -1 3 10
12402 55 55 0 0 -2 -4 4 5
12436 19 19 1 0 -3 0 3 9
12441 82 83 9 1 15 11 3 14
12448 212 212 0 0 6 5 4 10
12451 603 602 7 0 4 2 4 11
12478 1930 1935 31 6 8 13 11 35
12523 77 77 2 0 28 21 4 10
12758 125 125 0 0 0 0 4 8
12819 42 42 1 1 35 19 5 10
12884 77 77 1 0 -1 1 3 8
12889 3268 3267 14 4 8 7 6 17
12891 42 42 2 0 6 33 5 9
12892 4437 4437 39 4 5 7 7 13
12896 187 187 1 0 7 9 3 9
12915 29 29 0 0 5 8 5 23
12945 209 209 4 0 0 2 4 12
12951 82 82 7 0 15 9 5 15
12953 2432 2434 72 7 7 13 7 25
12954 213 212 0 0 3 8 4 12
12982 139 139 0 0 0 -1 5 5
12992 366 366 4 0 5 5 4 11
13029 41 41 0 0 -4 -4 4 9
13061 57 57 1 0 1 6 3 11
13076 35 35 1 0 -1 0 3 9
13121 7 7 0 0 11 7 3 6
13127 14 14 0 0 -3 -2 5 9
13139 21 21 0 0 3 9 3 8
13158 156 156 1 0 3 6 2 8
13184 40 40 0 0 -3 2 4 9
13198 1084 1083 11 0 3 3 4 11
13203 21 21 2 0 13 7 3 11
13204 2040 2039 14 0 5 2 5 12
13230 147 147 3 0 -1 0 4 13
13232 1872 1873 9 0 6 -1 4 13
13241 27 27 0 0 14 -2 3 9
13244 913 913 11 2 6 3 6 16
13256 67 67 1 0 -1 3 4 11
13264 103 103 2 0 4 1 3 8
13277 68 68 1 0 10 7 3 9
13296 463 463 4 1 5 3 4 12
13303 1176 1177 17 0 5 4 6 15
13342 401 401 7 0 0 3 4 13
13360 71 71 3 0 3 4 4 9
13367 98 98 2 0 1 3 4 9
13377 28 28 0 0 -1 3 4 11
13422 65 73 2 0 12 11 5 12
13424 26 26 1 0 17 5 2 10
13433 21 21 0 0 -1 20 5 8
13459 19 17 3 0 -5 -4 4 7
13476 146 146 0 0 4 2 3 9
13485 190 190 2 0 1 4 4 11
13486 89 89 0 0 -2 3 4 9
13487 2572 2568 18 5 9 4 7 18
13495 63 74 32 15 -1 4 6 13
13502 42 42 0 0 16 3 3 10
13577 122 129 15 1 2 6 3 11
13796 1362 1362 6 2 7 8 5 10
13829 0 0 0 0 0 0 0 0
13830 244 244 0 0 -1 3 4 8
13851 389 392 3 1 7 4 4 10
13871 452 453 4 2 2 2 3 11
13873 21 21 1 0 24 20 2 5
13891 699 698 8 0 3 8 4 10
13930 6458 6460 65 2 5 -1 8 18
13931 426 426 10 0 4 6 4 11
13970 21 21 2 1 28 11 3 9
13988 32 32 0 0 3 6 3 8
14027 409 409 4 2 2 3 4 11
14057 1083 1085 5 0 3 4 3 11
14078 51 58 2 0 22 16 3 8
14098 122 122 1 0 16 10 5 10
14100 2312 2309 31 2 9 6 6 26
14107 3326 3326 24 0 6 3 6 14
14108 90 89 0 0 1 4 3 9
14113 42 42 0 0 -3 -1 2 7
14122 971 974 11 0 5 0 6 13
14193 221 221 3 0 10 6 3 10
14252 68 68 0 0 -1 -1 4 8
14254 7 7 0 0 -7 -19 3 12
14256 14 14 0 0 28 30 4 8
14262 173 172 1 0 9 8 3 9
14288 0 0 0 0 0 0 0 0
14307 593 593 2 0 6 4 4 13
14321 193 198 8 3 9 6 4 13
14457 90 90 0 0 2 3 4 9
14487 35 35 0 0 5 3 3 9
14489 61 61 0 0 0 1 3 8
14492 1208 1208 14 0 6 7 4 13
14524 396 395 5 0 1 3 4 12
14570 514 515 1 0 7 7 4 10
14574 35 49 1 0 22 10 5 12
14576 353 353 5 0 1 4 4 12
14588 0 0 0 0 0 0 0 0
14633 47 47 0 0 0 5 3 9
14635 308 307 4 0 3 0 5 12
14679 1736 1737 10 0 3 7 3 12
14683 773 774 15 1 4 3 3 10
14685 293 293 7 0 4 4 4 12
14689 238 238 4 0 1 0 3 8
14696 72 73 0 0 0 1 4 8
14698 111 111 3 0 6 2 2 10
14709 6 6 0 0 21 25 3 8
14711 21 21 0 0 -1 -4 3 10
14730 473 473 4 0 4 5 5 11
14747 2121 2119 12 1 7 5 6 13
14771 2513 2508 16 2 6 13 5 15
14783 172 172 1 1 5 7 3 9
14794 53 53 0 0 0 0 3 8
14814 154 159 2 0 7 3 4 8
14828 21 21 0 0 39 30 4 8
14831 1180 1180 13 1 5 6 3 11
14842 35 35 1 0 2 8 3 9
14843 382 380 6 2 4 7 6 15
14869 3199 3200 25 1 3 1 6 15
14893 984 985 4 1 6 7 4 10
14905 41 41 0 0 -1 -1 3 8
14908 938 938 5 0 3 4 5 12
14960 54 54 2 0 2 7 6 11
14986 96 96 2 0 5 5 4 12
15016 1236 1235 8 1 5 2 4 12
15024 28 28 0 0 4 1 4 10
15027 6 6 0 0 -8 0 3 10
15041 77 77 0 0 1 0 2 7
15070 42 42 1 0 -2 0 4 13
15096 273 272 3 0 10 8 4 12
15249 96 96 3 0 3 6 4 11
15295 95 95 1 0 -1 -3 3 9
15304 1367 1368 7 0 3 2 4 10
15323 74 74 6 0 4 4 4 8
15370 473 470 5 1 6 5 3 10
15374 21 21 0 0 9 -3 3 10
15376 363 364 3 0 3 5 3 9
15380 40 40 1 0 1 1 3 10
15389 42 42 0 0 -1 -1 2 7
15401 21 21 1 0 19 2 4 8
15411 55 55 3 0 7 11 4 9
15412 267 267 0 0 0 3 3 12
15601 0 0 0 0 0 0 0 0
15607 21 21 1 0 0 1 3 9
15624 139 139 2 0 0 8 8 11
15841 14 14 0 0 21 31 4 8
15897 16 16 0 0 3 4 3 7
15919 266 266 10 0 6 1 4 12
15991 14 14 0 0 11 11 4 7
16218 21 21 0 0 2 3 3 8
T7
10135 76 83 2 0 0 2 5 11
10136 48 48 1 0 0 1 3 8
10140 750 750 19 0 6 6 4 9
10146 27 27 1 0 7 7 3 8
10154 0 0 0 0 0 0 0 0
10155 48 48 0 0 -3 0 5 9
10157 82 77 9 0 5 6 3 8
10158 21 21 0 0 1 3 4 12
10165 2 2 0 0 62 0 4 5
10170 14 14 0 0 19 1 3 6
10185 52 52 20 0 0 1 3 10
10208 45 45 2 1 23 6 3 8
10245 5 5 0 0 13 13 3 3
10257 352 352 4 0 4 5 3 13
10279 163 163 16 0 2 6 4 8
10299 384 384 7 0 8 15 5 13
10329 21 21 1 0 0 -5 3 11
10397 7879 7832 274 3 6 1 9 18
10408 41 41 1 0 8 4 4 11
10423 813 813 34 0 6 3 4 11
10431 88 88 3 0 17 8 3 14
10434 34 41 1 0 6 4 3 8
10469 87 86 8 0 5 5 4 11
10529 693 693 9 0 3 4 4 14
10551 22 22 1 0 7 3 2 6
10561 82 82 8 0 3 6 4 8
10577 20 20 1 0 -3 2 5 15
10581 113 113 2 0 0 3 4 11
10599 385 384 21 0 5 4 3 11
10620 103 103 2 1 15 7 3 9
10627 47 47 1 0 -3 3 3 9
10685 42 42 3 0 12 14 4 11
10693 1140 1139 39 0 9 5 5 11
10713 319 319 4 0 4 7 4 9
10721 2383 2384 32 0 6 5 7 19
10728 7 7 3 0 -2 -5 5 13
10731 21 28 0 0 2 12 3 7
10732 11 11 0 0 1 4 4 14
10747 31 31 15 0 2 6 6 19
10754 12 12 0 0 13 -1 4 4
10779 27 25 3 0 -3 -3 4 8
10781 196 196 43 1 17 13 6 12
10785 184 184 1 0 9 5 4 14
10792 527 527 3 1 5 7 4 12
10800 580 580 5 0 7 9 2 11
10821 2012 2012 33 3 6 2 4 12
10849 96 97 2 1 1 5 4 11
10868 200 200 11 0 4 3 4 12
10874 204 204 6 0 3 0 4 9
10918 21 22 1 1 0 0 3 8
10926 14 14 0 0 25 25 4 7
10930 20 20 1 0 13 4 3 8
10980 87 87 2 1 5 7 4 11
10990 47 47 0 0 -3 -3 3 9
10994 294 294 11 0 3 1 4 12
11002 20 20 0 0 0 5 3 10
11003 155 155 6 0 10 10 4 11
11041 40 39 1 0 5 4 3 8
11042 1674 1674 33 2 5 5 6 15
11049 55 55 11 0 2 0 5 10
11057 2117 2119 38 1 2 -1 5 16
11066 705 712 25 2 14 11 5 15
11067 74 74 7 0 14 15 3 14
11097 28 27 1 0 22 22 3 11
11109 290 292 18 2 4 10 6 13
11122 73 74 0 0 7 4 3 8
11140 187 187 42 0 3 1 3 10
11146 87 87 7 0 5 2 3 11
11150 28 28 1 0 14 21 2 9
11193 3961 3947 75 4 4 0 4 15
11252 57 57 1 0 5 2 3 12
11259 780 780 79 1 12 11 3 8
11267 264 263 14 2 4 7 4 15
11274 28 27 1 0 9 17 3 17
11278 1956 1957 48 3 2 3 4 14
11292 3790 3796 46 2 4 2 7 13
11298 5904 5910 144 2 4 0 11 17
11308 34 34 0 0 5 2 3 8
11336 3 3 0 0 19 4 2 5
11337 20 20 0 0 0 19 4 10
11413 6 6 0 0 -2 -1 4 6
11423 217 217 10 0 10 7 4 12
11433 2497 2494 76 10 13 11 9 18
11503 0 0 0 0 0 0 0 0
11525 39 39 0 0 0 0 4 8
11540 426 426 20 1 6 5 3 9
11577 20 20 0 0 4 7 4 13
11603 104 104 1 0 3 4 4 9
11612 116 116 10 3 10 10 5 12
11618 2863 2863 42 5 10 11 8 24
11624 21 28 8 1 11 7 2 10
11630 99 99 2 2 -1 4 3 9
11637 78 79 1 0 6 10 4 9
11638 259 260 1 1 2 4 4 9
11641 28 28 0 0 0 1 5 10
11648 69 69 0 0 -1 4 3 8
11697 1124 1124 83 4 3 0 3 14
11699 14 14 0 0 7 7 4 8
11721 128 128 1 0 0 4 4 10
11775 95 95 3 0 4 7 4 11
11778 41 41 1 0 5 5 4 9
11823 110 110 4 0 3 7 4 10
11884 268 268 3 0 5 8 3 9
11898 19 19 0 0 4 16 3 8
11905 21 20 3 0 -3 2 5 9
11921 84 85 3 1 4 3 3 8
11953 48 48 1 0 1 -1 4 7
11973 62 62 13 0 8 8 5 10
11977 128 128 3 0 10 13 4 10
11982 101 101 11 0 6 3 4 8
11986 315 314 15 1 7 12 4 12
11995 336 336 18 0 4 4 4 15
11996 251 251 10 0 4 6 3 13
11997 0 0 0 0 0 0 0 0
12003 96 97 0 0 1 6 3 7
12007 27 27 1 0 5 5 3 8
12094 7 7 0 0 2 5 3 9
12149 21 21 0 0 -2 -6 3 11
12156 47 48 0 1 1 1 3 8
12173 692 692 2 0 2 5 5 13
12191 1086 1090 269 69 21 13 5 16
12197 121 121 3 0 0 3 5 24
12206 112 112 22 0 11 11 3 8
12217 227 227 21 0 1 1 5 10
12223 21 21 0 0 16 0 3 16
12244 20 20 0 0 14 1 3 9
12264 2167 2169 23 2 4 2 6 19
12266 3846 3845 1428 2 8 2 9 20
12278 184 184 16 0 3 3 4 11
12280 62 64 1 2 -1 0 4 8
12323 87 87 0 0 1 1 4 9
12339 825 825 28 12 6 6 8 14
12363 14 14 0 0 -5 0 3 12
12390 20 20 0 0 0 -4 4 7
12391 259 259 5 0 4 0 3 9
12402 55 55 0 0 -5 -5 4 5
12436 19 19 2 0 -2 3 3 10
12441 83 80 3 1 7 1 3 14
12448 212 212 20 3 9 9 4 10
12451 599 599 20 0 6 4 4 12
12478 1929 1930 20 0 3 0 10 27
12523 77 77 0 0 15 10 4 10
12758 125 125 0 0 0 0 4 9
12819 42 42 0 0 17 11 4 9
12884 79 79 2 0 2 19 4 9
12889 3266 3262 56 3 8 6 5 16
12891 42 42 1 0 3 7 4 9
12892 4437 4439 84 3 7 6 7 14
12896 187 187 16 0 6 9 2 8
12915 29 29 13 0 1 4 5 26
12945 207 207 14 0 2 0 4 12
12951 75 75 31 0 6 3 4 16
12953 2428 2429 61 9 3 5 7 23
12954 213 213 0 0 3 1 4 12
12982 139 139 0 0 -4 0 5 4
12992 366 366 26 0 6 8 4 10
13029 41 41 0 0 14 12 4 8
13061 57 57 10 0 -3 0 3 9
13076 35 35 1 0 20 44 3 10
13121 7 7 0 0 -1 -6 3 6
13127 14 14 1 0 -1 0 4 10
13139 21 21 0 0 3 -3 3 7
13158 156 156 18 0 8 6 2 8
13184 40 40 3 1 5 20 4 12
13198 1082 1085 35 3 8 6 4 11
13203 21 21 2 0 1 4 3 11
13204 2045 2045 37 1 4 1 5 12
13230 142 146 2 0 4 5 4 14
13232 1871 1872 19 2 10 4 4 16
13241 27 27 0 0 4 7 3 10
13244 915 916 48 11 13 10 6 14
13256 67 67 12 0 2 7 4 10
13264 103 104 1 1 4 3 3 8
13277 68 68 8 0 19 5 3 11
13296 459 459 1 0 3 4 4 13
13303 1176 1175 137 0 5 5 6 15
13342 401 401 24 0 4 9 5 14
13360 71 71 3 0 3 2 4 10
13367 98 98 1 0 7 5 3 10
13377 28 28 5 0 8 12 4 10
13422 69 75 17 0 6 11 4 12
13424 26 26 0 0 7 4 2 9
13433 21 21 0 0 -4 11 4 9
13459 19 19 1 0 18 51 4 9
13476 146 144 4 0 6 5 3 9
13485 190 190 6 0 7 14 4 13
13486 90 90 0 0 0 12 4 10
13487 2574 2573 68 27 12 10 7 19
13495 124 122 26 2 11 13 5 11
13502 42 42 4 0 4 6 3 10
13577 122 122 1 0 1 1 4 10
13796 1362 1362 17 0 9 7 5 10
13829 0 0 0 0 0 0 0 0
13830 244 244 0 0 0 6 4 8
13851 389 389 30 0 5 5 4 11
13871 453 440 23 0 8 8 3 11
13873 21 21 1 1 32 33 2 5
13891 698 698 19 0 6 8 4 10
13930 6453 6459 258 16 19 20 8 26
13931 426 421 22 8 14 9 4 13
13970 21 21 0 0 40 21 3 7
13988 32 32 0 0 -1 5 3 9
14027 409 409 4 0 1 0 4 11
14057 1086 1086 11 0 3 5 3 11
14078 51 58 3 0 8 7 3 9
14098 122 122 0 0 3 3 5 11
14100 2276 2274 47 0 5 0 6 20
14107 3327 3329 60 2 6 2 6 14
14108 90 89 4 0 8 13 3 15
14113 42 44 0 2 -3 -1 3 8
14122 970 970 25 0 2 0 6 13
14193 222 221 17 0 8 7 4 9
14252 68 68 1 0 0 -2 4 7
14254 7 7 0 0 7 -7 4 11
14256 14 14 0 0 31 25 5 7
14262 173 173 8 0 4 8 3 9
14288 0 0 0 0 0 0 0 0
14307 589 589 5 0 5 4 4 11
14321 201 201 0 0 3 3 3 14
14457 90 90 1 0 0 6 4 9
14487 35 37 0 2 8 8 3 9
14489 61 61 1 0 0 2 3 8
14492 1199 1196 26 3 6 6 4 12
14524 392 392 21 0 8 6 4 12
14570 513 513 4 0 9 8 4 10
14574 35 49 0 2 1 3 5 15
14576 355 355 6 0 5 7 5 12
14588 0 0 0 0 0 0 0 0
14633 46 46 3 0 9 22 4 11
14635 308 308 7 0 0 0 5 13
14679 1736 1737 29 1 5 7 3 13
14683 774 774 33 0 6 6 3 10
14685 293 293 8 0 4 6 4 12
14689 237 239 4 1 1 2 3 9
14696 68 68 1 0 0 1 3 9
14698 111 111 2 0 5 4 3 10
14709 6 6 0 0 4 15 3 8
14711 21 21 0 0 -1 -4 3 10
14730 473 473 18 1 6 7 5 11
14747 2120 2119 30 0 8 7 6 13
14771 2513 2504 27 2 6 8 5 17
14783 172 172 1 0 7 7 3 10
14794 53 53 0 0 4 8 3 8
14814 154 159 29 0 3 7 4 9
14828 21 21 0 0 3 8 4 8
14831 1180 1178 24 1 5 6 3 11
14842 35 35 1 0 -2 -3 3 8
14843 378 378 9 1 0 3 6 15
14869 3175 3189 39 6 4 2 6 16
14893 984 986 11 2 7 8 4 10
14905 41 41 1 0 5 5 3 9
14908 938 937 19 4 5 5 5 12
14960 54 54 2 0 0 7 6 12
14986 96 96 5 0 0 -1 4 11
15016 1235 1229 55 7 8 6 5 12
15024 28 28 1 0 -5 -3 4 9
15027 6 6 1 0 2 -5 3 10
15041 77 75 6 0 1 0 2 7
15070 42 42 0 0 4 9 4 13
15096 262 261 6 0 5 8 4 13
15249 96 96 9 0 2 4 4 10
15295 95 92 4 1 1 0 3 11
15304 1376 1376 31 2 4 2 4 12
15323 74 74 1 0 1 -2 3 8
15370 470 466 33 0 9 8 4 12
15374 21 21 1 0 -1 -6 3 9
15376 364 364 13 0 5 3 3 9
15380 40 40 3 0 12 12 3 9
15389 42 45 0 2 3 5 3 7
15401 21 21 2 0 0 -1 3 8
15411 55 54 8 0 -2 2 6 10
15412 267 267 13 0 0 1 3 12
15601 0 0 0 0 0 0 0 0
15607 21 21 0 0 4 6 4 8
15624 139 139 18 0 0 5 7 12
15841 14 14 0 0 19 15 4 9
15897 16 16 0 0 0 1 3 7
15919 266 266 20 0 7 4 4 12
15991 14 14 0 0 19 23 4 6
16218 21 21 0 0 5 8 2 10
